ts,kv,compute,throughput,ttft,tpot,is_prefill,num_seqs,seq_id
01:36:42.237,,,,,,True,32,
01:36:42.329,5.3,0,1277.9,0.220361,0.0,,,
01:36:42.369,5.3,0,789.0,0.0,0.040559,,,
01:36:42.408,5.3,0,812.7,0.0,0.039376,,,
01:36:42.447,5.3,77,823.9,0.0,0.038841,,,
01:36:42.485,5.3,77,827.9,0.0,0.038651,,,
01:36:42.524,5.3,77,838.1,0.0,0.038182,,,
01:36:42.561,5.3,77,844.3,0.0,0.037902,,,
01:36:42.599,5.3,77,847.0,0.0,0.037781,,,
01:36:42.638,10.6,76,840.9,0.0,0.038054,,,
01:36:42.676,10.6,76,840.0,0.0,0.038094,,,
01:36:42.714,10.6,76,836.7,0.0,0.038246,,,
01:36:42.752,10.6,76,838.9,0.0,0.038146,,,
01:36:42.790,10.6,76,835.9,0.0,0.038281,,,
01:36:42.829,10.6,76,831.0,0.0,0.038506,,,
01:36:42.868,10.6,73,820.4,0.0,0.039008,,,
01:36:42.906,10.6,73,826.5,0.0,0.038717,,,
01:36:42.945,10.6,73,834.8,0.0,0.038332,,,
01:36:42.983,10.6,73,839.6,0.0,0.038113,,,
01:36:43.021,10.6,73,837.3,0.0,0.038216,,,
01:36:43.059,10.6,73,845.0,0.0,0.037871,,,
01:36:43.097,10.6,73,844.6,0.0,0.037887,,,
01:36:43.135,10.6,73,845.8,0.0,0.037832,,,
01:36:43.173,10.6,73,834.8,0.0,0.038331,,,
01:36:43.211,10.6,73,835.3,0.0,0.03831,,,
01:36:43.250,15.9,76,832.5,0.0,0.03844,,,
01:36:43.288,15.9,76,842.5,0.0,0.037984,,,
01:36:43.326,15.9,76,836.0,0.0,0.038276,,,
01:36:43.364,15.9,76,832.2,0.0,0.038453,,,
01:36:43.403,15.9,76,832.0,0.0,0.038462,,,
01:36:43.443,15.9,74,786.4,0.0,0.040692,,,
01:36:43.481,15.9,74,842.2,0.0,0.037997,,,
01:36:43.520,15.9,74,835.9,0.0,0.038281,,,
01:36:43.558,15.9,74,847.2,0.0,0.037771,,,
01:36:43.596,15.9,74,837.9,0.0,0.038193,,,
01:36:43.634,15.9,76,836.0,0.0,0.038277,,,
01:36:43.673,15.9,76,820.7,0.0,0.038992,,,
01:36:43.712,15.9,76,826.6,0.0,0.038714,,,
01:36:43.750,15.9,76,834.4,0.0,0.038352,,,
01:36:43.789,15.9,76,826.4,0.0,0.03872,,,
01:36:43.827,15.9,76,833.1,0.0,0.038411,,,
01:36:43.956,21.2,72,248.2,0.0,0.128937,,,
01:36:43.995,21.2,72,835.3,0.0,0.038311,,,
01:36:44.033,21.2,43,830.8,0.0,0.038519,,,
01:36:44.072,21.2,43,832.2,0.0,0.038455,,,
01:36:44.110,21.2,43,834.6,0.0,0.038341,,,
01:36:44.148,21.2,43,840.0,0.0,0.038094,,,
01:36:44.186,21.2,43,844.5,0.0,0.037893,,,
01:36:44.224,21.2,43,839.4,0.0,0.038121,,,
01:36:44.262,21.2,72,844.5,0.0,0.037893,,,
01:36:44.300,21.2,72,839.7,0.0,0.038108,,,
01:36:44.338,20.5,72,846.5,0.0,0.037802,,,
01:36:44.341,,,,,,True,1,
01:36:44.371,20.7,72,268.0,2.262943,0.0,,,
01:36:44.409,20.7,72,853.3,0.0,0.071084,,,
01:36:44.448,20.7,78,824.4,0.0,0.038815,,,
01:36:44.486,20.7,78,828.4,0.0,0.038626,,,
01:36:44.524,20.7,78,836.6,0.0,0.038251,,,
01:36:44.562,20.7,78,843.7,0.0,0.037929,,,
01:36:44.602,25.8,78,813.4,0.0,0.03934,,,
01:36:44.640,25.8,75,840.2,0.0,0.038088,,,
01:36:44.678,26.0,75,844.8,0.0,0.037879,,,
01:36:44.716,26.0,75,840.2,0.0,0.038085,,,
01:36:44.754,26.0,75,835.1,0.0,0.038317,,,
01:36:44.793,26.0,75,830.2,0.0,0.038545,,,
01:36:44.833,26.0,75,833.2,0.0,0.038406,,,
01:36:44.871,26.0,75,799.2,0.0,0.040038,,,
01:36:44.910,26.0,75,822.3,0.0,0.038913,,,
01:36:44.949,26.0,75,820.5,0.0,0.039001,,,
01:36:44.988,26.0,75,822.1,0.0,0.038926,,,
01:36:45.026,26.0,75,830.3,0.0,0.038543,,,
01:36:45.067,26.0,72,795.9,0.0,0.040207,,,
01:36:45.106,26.0,72,824.4,0.0,0.038816,,,
01:36:45.145,26.0,72,831.2,0.0,0.038499,,,
01:36:45.183,26.0,72,811.3,0.0,0.039441,,,
01:36:45.222,31.1,72,828.9,0.0,0.038604,,,
01:36:45.260,31.1,73,835.9,0.0,0.038283,,,
01:36:45.299,31.3,73,835.2,0.0,0.038316,,,
01:36:45.337,31.3,73,838.3,0.0,0.038171,,,
01:36:45.375,31.3,73,840.1,0.0,0.038089,,,
01:36:45.414,31.3,73,830.1,0.0,0.038548,,,
01:36:45.452,31.3,76,824.6,0.0,0.038808,,,
01:36:45.491,31.3,76,829.6,0.0,0.038571,,,
01:36:45.530,30.3,76,830.6,0.0,0.038525,,,
01:36:45.532,,,,,,True,1,
01:36:45.562,30.5,76,272.6,3.454025,0.0,,,
01:36:45.599,30.5,76,868.4,0.0,0.069867,,,
01:36:45.637,30.5,78,840.2,0.0,0.038088,,,
01:36:45.676,30.5,78,837.4,0.0,0.038215,,,
01:36:45.714,30.5,78,839.9,0.0,0.038101,,,
01:36:45.752,30.5,78,829.2,0.0,0.038589,,,
01:36:45.791,30.5,78,828.0,0.0,0.038649,,,
01:36:45.832,30.5,74,832.2,0.0,0.038454,,,
01:36:45.871,35.6,74,766.9,0.0,0.041726,,,
01:36:45.910,35.6,74,828.2,0.0,0.038636,,,
01:36:45.949,35.8,74,822.7,0.0,0.038898,,,
01:36:45.987,35.8,74,824.4,0.0,0.038818,,,
01:36:46.026,35.8,74,828.1,0.0,0.038644,,,
01:36:46.067,35.8,72,787.7,0.0,0.040625,,,
01:36:46.105,35.8,72,833.6,0.0,0.03839,,,
01:36:46.143,35.8,72,836.2,0.0,0.038269,,,
01:36:46.181,35.8,72,838.8,0.0,0.038148,,,
01:36:46.220,35.8,72,837.5,0.0,0.038211,,,
01:36:46.258,34.6,75,835.7,0.0,0.038291,,,
01:36:46.260,,,,,,True,1,
01:36:46.291,34.8,75,273.4,4.182518,0.0,,,
01:36:46.329,34.8,75,839.9,0.0,0.071013,,,
01:36:46.368,34.8,75,828.7,0.0,0.038616,,,
01:36:46.406,34.8,75,828.8,0.0,0.038612,,,
01:36:46.445,34.8,77,819.7,0.0,0.03904,,,
01:36:46.484,34.8,77,823.8,0.0,0.038842,,,
01:36:46.523,38.4,77,816.8,0.0,0.03918,,,
01:36:46.526,,,,,,True,1,
01:36:46.555,38.6,77,275.2,4.447593,0.0,,,
01:36:46.593,38.6,77,858.9,0.0,0.069964,,,
01:36:46.632,38.9,77,823.7,0.0,0.038851,,,
01:36:46.671,38.9,77,828.2,0.0,0.038638,,,
01:36:46.710,38.1,77,824.3,0.0,0.038821,,,
01:36:46.712,,,,,,True,1,
01:36:46.743,38.2,77,268.3,4.634685,0.0,,,
01:36:46.779,38.2,77,876.0,0.0,0.070069,,,
01:36:46.815,36.9,77,899.5,0.0,0.035576,,,
01:36:46.816,,,,,,True,1,
01:36:46.846,37.1,77,289.6,4.737852,0.0,,,
01:36:46.884,37.1,77,851.9,0.0,0.068645,,,
01:36:46.923,37.3,77,825.8,0.0,0.03875,,,
01:36:46.961,37.3,77,828.5,0.0,0.038625,,,
01:36:47.000,37.3,77,818.9,0.0,0.039077,,,
01:36:47.039,37.3,78,827.8,0.0,0.038658,,,
01:36:47.077,37.4,78,833.3,0.0,0.038402,,,
01:36:47.118,37.4,78,791.0,0.0,0.040454,,,
01:36:47.157,37.6,78,805.4,0.0,0.039732,,,
01:36:47.193,37.6,78,902.9,0.0,0.03544,,,
01:36:47.232,42.2,76,868.7,0.0,0.036838,,,
01:36:47.269,42.2,76,801.3,0.0,0.039937,,,
01:36:47.307,42.4,76,853.6,0.0,0.037487,,,
01:36:47.344,42.4,76,861.1,0.0,0.037162,,,
01:36:47.381,42.4,76,867.9,0.0,0.036871,,,
01:36:47.418,42.4,76,857.4,0.0,0.037322,,,
01:36:47.455,42.4,80,861.3,0.0,0.037154,,,
01:36:47.493,42.4,80,860.5,0.0,0.037188,,,
01:36:47.530,42.5,80,846.0,0.0,0.037825,,,
01:36:47.570,42.5,80,819.2,0.0,0.039062,,,
01:36:47.611,42.5,80,779.4,0.0,0.041059,,,
01:36:47.652,42.5,80,788.5,0.0,0.040584,,,
01:36:47.693,42.7,80,780.0,0.0,0.041024,,,
01:36:47.734,42.7,80,778.1,0.0,0.041125,,,
01:36:47.775,42.9,80,781.3,0.0,0.040955,,,
01:36:47.815,42.9,80,790.1,0.0,0.040502,,,
01:36:47.856,47.5,75,788.4,0.0,0.040589,,,
01:36:47.896,47.5,75,788.4,0.0,0.04059,,,
01:36:47.937,47.7,75,785.8,0.0,0.040721,,,
01:36:47.978,46.0,75,781.5,0.0,0.040947,,,
01:36:47.980,,,,,,True,1,
01:36:48.011,46.2,75,270.9,5.902701,0.0,,,
01:36:48.053,46.2,76,767.2,0.0,0.074933,,,
01:36:48.094,46.2,76,777.4,0.0,0.041161,,,
01:36:48.134,46.2,76,790.1,0.0,0.040501,,,
01:36:48.175,46.2,76,796.0,0.0,0.040202,,,
01:36:48.216,46.4,76,768.5,0.0,0.041641,,,
01:36:48.257,46.4,75,794.0,0.0,0.040305,,,
01:36:48.297,46.4,75,793.2,0.0,0.040345,,,
01:36:48.337,46.5,75,792.2,0.0,0.040393,,,
01:36:48.378,46.7,75,790.4,0.0,0.040485,,,
01:36:48.418,46.7,75,791.7,0.0,0.040417,,,
01:36:48.459,46.9,76,786.7,0.0,0.040675,,,
01:36:48.499,46.9,76,789.1,0.0,0.040552,,,
01:36:48.540,51.3,76,798.1,0.0,0.040096,,,
01:36:48.580,51.3,76,789.5,0.0,0.040531,,,
01:36:48.620,51.5,76,797.0,0.0,0.040151,,,
01:36:48.661,51.5,76,790.2,0.0,0.040497,,,
01:36:48.702,51.5,76,776.4,0.0,0.041217,,,
01:36:48.743,51.5,76,786.5,0.0,0.040684,,,
01:36:48.783,51.5,76,789.4,0.0,0.04054,,,
01:36:48.825,51.5,76,765.5,0.0,0.041804,,,
01:36:48.868,51.7,76,745.9,0.0,0.042901,,,
01:36:48.910,51.7,76,767.1,0.0,0.041716,,,
01:36:48.951,51.7,76,778.3,0.0,0.041116,,,
01:36:48.993,50.0,76,772.8,0.0,0.04141,,,
01:36:48.995,,,,,,True,1,
01:36:49.026,50.2,76,267.0,6.917442,0.0,,,
01:36:49.068,50.3,75,765.9,0.0,0.075491,,,
01:36:49.109,50.3,75,781.0,0.0,0.040975,,,
01:36:49.150,50.5,75,782.2,0.0,0.040911,,,
01:36:49.191,50.5,75,781.6,0.0,0.040939,,,
01:36:49.232,54.8,77,779.7,0.0,0.041039,,,
01:36:49.271,54.8,77,808.6,0.0,0.039572,,,
01:36:49.311,55.0,77,805.2,0.0,0.03974,,,
01:36:49.353,55.1,77,771.2,0.0,0.041492,,,
01:36:49.394,55.1,77,766.3,0.0,0.041761,,,
01:36:49.436,55.1,76,770.5,0.0,0.041531,,,
01:36:49.476,55.1,76,794.9,0.0,0.040254,,,
01:36:49.516,53.1,76,791.3,0.0,0.04044,,,
01:36:49.519,,,,,,True,1,
01:36:49.550,53.3,76,269.1,7.4413,0.0,,,
01:36:49.590,53.5,76,794.1,0.0,0.07374,,,
01:36:49.631,53.5,76,780.3,0.0,0.041012,,,
01:36:49.673,53.5,76,773.6,0.0,0.041363,,,
01:36:49.714,53.6,76,764.5,0.0,0.041859,,,
01:36:49.755,53.8,76,778.3,0.0,0.041117,,,
01:36:49.797,51.8,76,779.2,0.0,0.041068,,,
01:36:49.799,,,,,,True,1,
01:36:49.831,52.0,75,269.9,7.721348,0.0,,,
01:36:49.872,52.2,75,768.9,0.0,0.074968,,,
01:36:49.913,52.3,75,771.5,0.0,0.041477,,,
01:36:49.955,56.3,75,769.6,0.0,0.04158,,,
01:36:49.996,56.3,75,778.8,0.0,0.041087,,,
01:36:50.038,56.5,75,757.5,0.0,0.042243,,,
01:36:50.079,56.6,75,781.0,0.0,0.040971,,,
01:36:50.120,54.5,75,780.7,0.0,0.040986,,,
01:36:50.122,,,,,,True,1,
01:36:50.153,54.6,75,268.6,8.044799,0.0,,,
01:36:50.194,54.8,75,797.9,0.0,0.073609,,,
01:36:50.235,54.8,76,771.3,0.0,0.041488,,,
01:36:50.276,54.8,76,773.4,0.0,0.041375,,,
01:36:50.318,55.0,76,776.0,0.0,0.041237,,,
01:36:50.358,55.0,76,785.0,0.0,0.040764,,,
01:36:50.399,55.0,76,785.7,0.0,0.040729,,,
01:36:50.441,55.1,74,768.3,0.0,0.041652,,,
01:36:50.484,55.5,74,735.7,0.0,0.043496,,,
01:36:50.526,55.5,74,765.2,0.0,0.041818,,,
01:36:50.568,55.6,74,769.5,0.0,0.041586,,,
01:36:50.610,55.8,74,756.5,0.0,0.042301,,,
01:36:50.653,59.6,71,754.9,0.0,0.042391,,,
01:36:50.697,59.6,71,722.7,0.0,0.04428,,,
01:36:50.738,59.8,71,762.0,0.0,0.041996,,,
01:36:50.776,59.9,71,836.8,0.0,0.038241,,,
01:36:50.817,59.9,71,797.8,0.0,0.04011,,,
01:36:50.859,60.1,74,766.9,0.0,0.041725,,,
01:36:50.900,60.1,74,771.8,0.0,0.041464,,,
01:36:50.941,60.1,74,774.3,0.0,0.041326,,,
01:36:50.983,60.3,74,774.9,0.0,0.041296,,,
01:36:51.025,60.3,74,765.0,0.0,0.041828,,,
01:36:51.068,60.3,75,740.3,0.0,0.043227,,,
01:36:51.108,60.4,75,798.0,0.0,0.0401,,,
01:36:51.148,60.8,75,801.1,0.0,0.039943,,,
01:36:51.191,60.8,75,767.3,0.0,0.041703,,,
01:36:51.234,60.9,77,723.7,0.0,0.044217,,,
01:36:51.276,61.1,77,755.9,0.0,0.042335,,,
01:36:51.317,64.9,77,777.4,0.0,0.041163,,,
01:36:51.357,64.9,77,796.7,0.0,0.040167,,,
01:36:51.398,65.1,77,781.8,0.0,0.040931,,,
01:36:51.440,65.2,75,770.7,0.0,0.041522,,,
01:36:51.481,65.2,75,776.0,0.0,0.041238,,,
01:36:51.522,65.4,75,776.2,0.0,0.041225,,,
01:36:51.564,65.4,75,769.5,0.0,0.041586,,,
01:36:51.606,65.4,75,763.1,0.0,0.041936,,,
01:36:51.648,65.6,74,770.3,0.0,0.041543,,,
01:36:51.689,65.6,74,770.8,0.0,0.041514,,,
01:36:51.730,65.6,74,773.5,0.0,0.041368,,,
01:36:51.772,65.7,74,771.1,0.0,0.041499,,,
01:36:51.813,66.1,74,772.2,0.0,0.04144,,,
01:36:51.855,66.1,75,767.8,0.0,0.041678,,,
01:36:51.896,66.2,75,769.5,0.0,0.041583,,,
01:36:51.938,63.9,75,768.6,0.0,0.041633,,,
01:36:51.941,,,,,,True,1,
01:36:51.972,64.1,75,265.3,9.86346,0.0,,,
01:36:52.013,66.9,75,778.9,0.0,0.075005,,,
01:36:52.015,,,,,,True,1,
01:36:52.045,67.1,77,276.9,9.937034,0.0,,,
01:36:52.087,65.6,77,778.0,0.0,0.07364,,,
01:36:52.089,,,,,,True,1,
01:36:52.120,65.7,77,269.4,10.011556,0.0,,,
01:36:52.160,65.9,77,803.8,0.0,0.073217,,,
01:36:52.202,65.9,77,765.2,0.0,0.041817,,,
01:36:52.246,65.9,77,724.7,0.0,0.044158,,,
01:36:52.288,64.6,77,768.0,0.0,0.041667,,,
01:36:52.290,,,,,,True,1,
01:36:52.320,64.7,77,271.0,10.212203,0.0,,,
01:36:52.361,64.7,77,801.8,0.0,0.073126,,,
01:36:52.402,64.9,77,779.7,0.0,0.041039,,,
01:36:52.443,65.2,77,775.1,0.0,0.041287,,,
01:36:52.485,65.4,77,770.1,0.0,0.041552,,,
01:36:52.527,65.4,77,765.0,0.0,0.041831,,,
01:36:52.569,65.6,77,760.4,0.0,0.042084,,,
01:36:52.611,65.7,77,765.7,0.0,0.041793,,,
01:36:52.652,65.9,74,765.1,0.0,0.041827,,,
01:36:52.694,65.9,74,763.2,0.0,0.041929,,,
01:36:52.736,66.1,74,769.3,0.0,0.041595,,,
01:36:52.778,69.7,74,752.8,0.0,0.042509,,,
01:36:52.821,66.9,74,746.9,0.0,0.042842,,,
01:36:52.824,,,,,,True,1,
01:36:52.854,67.1,75,270.2,10.745699,0.0,,,
01:36:52.896,67.2,75,776.3,0.0,0.074534,,,
01:36:52.938,67.2,75,755.4,0.0,0.042363,,,
01:36:52.980,67.2,75,754.9,0.0,0.042388,,,
01:36:53.023,67.4,75,746.2,0.0,0.042882,,,
01:36:53.068,67.4,77,711.0,0.0,0.045009,,,
01:36:53.111,67.5,77,750.9,0.0,0.042616,,,
01:36:53.153,67.9,77,751.4,0.0,0.042586,,,
01:36:53.196,67.7,77,759.1,0.0,0.042157,,,
01:36:53.198,,,,,,True,1,
01:36:53.230,67.9,77,272.6,11.119919,0.0,,,
01:36:53.269,67.9,77,780.8,0.0,0.073998,,,
01:36:53.311,68.0,77,772.5,0.0,0.041425,,,
01:36:53.354,68.2,77,751.5,0.0,0.042579,,,
01:36:53.397,68.4,77,745.9,0.0,0.0429,,,
01:36:53.439,65.6,77,746.1,0.0,0.042888,,,
01:36:53.442,,,,,,True,1,
01:36:53.472,65.7,77,273.5,11.363557,0.0,,,
01:36:53.513,65.9,77,785.0,0.0,0.073665,,,
01:36:53.555,66.2,77,760.5,0.0,0.042075,,,
01:36:53.557,,,,,,True,1,
01:36:53.588,66.4,77,272.4,11.479419,0.0,,,
01:36:53.630,66.6,78,781.6,0.0,0.073984,,,
01:36:53.673,66.7,78,722.7,0.0,0.044276,,,
01:36:53.714,66.7,78,781.7,0.0,0.040934,,,
01:36:53.753,66.7,78,806.4,0.0,0.039682,,,
01:36:53.793,66.9,78,808.6,0.0,0.039576,,,
01:36:53.835,67.1,78,769.0,0.0,0.041611,,,
01:36:53.878,67.1,78,755.4,0.0,0.042361,,,
01:36:53.921,67.5,78,733.9,0.0,0.043602,,,
01:36:53.963,67.9,78,763.0,0.0,0.04194,,,
01:36:54.002,67.9,78,809.2,0.0,0.039547,,,
01:36:54.041,68.0,76,826.8,0.0,0.038704,,,
01:36:54.079,68.2,76,828.7,0.0,0.038615,,,
01:36:54.118,68.4,76,827.5,0.0,0.038673,,,
01:36:54.157,68.4,76,825.7,0.0,0.038755,,,
01:36:54.196,68.5,76,823.9,0.0,0.038839,,,
01:36:54.234,71.7,84,825.4,0.0,0.038771,,,
01:36:54.273,71.9,84,826.6,0.0,0.038715,,,
01:36:54.314,72.0,84,795.0,0.0,0.040253,,,
01:36:54.358,72.0,84,732.9,0.0,0.043664,,,
01:36:54.402,72.0,84,714.1,0.0,0.044811,,,
01:36:54.448,72.2,76,709.3,0.0,0.045113,,,
01:36:54.490,72.4,76,755.5,0.0,0.042357,,,
01:36:54.530,72.4,76,803.1,0.0,0.039847,,,
01:36:54.569,72.8,76,805.6,0.0,0.039723,,,
01:36:54.609,73.2,76,812.6,0.0,0.039379,,,
01:36:54.648,73.2,78,817.0,0.0,0.039169,,,
01:36:54.689,73.3,78,785.3,0.0,0.040746,,,
01:36:54.733,73.5,78,727.6,0.0,0.043979,,,
01:36:54.776,73.7,78,736.8,0.0,0.043434,,,
01:36:54.820,73.7,78,734.0,0.0,0.043598,,,
01:36:54.864,73.8,74,728.3,0.0,0.043937,,,
01:36:54.908,77.0,74,733.3,0.0,0.043638,,,
01:36:54.951,75.0,74,738.6,0.0,0.043322,,,
01:36:54.954,,,,,,True,1,
01:36:54.985,75.2,74,258.7,12.876701,0.0,,,
01:36:55.029,75.2,77,772.0,0.0,0.076244,,,
01:36:55.074,75.2,77,675.7,0.0,0.047357,,,
01:36:55.114,75.2,77,797.5,0.0,0.040124,,,
01:36:55.156,75.3,77,767.1,0.0,0.041714,,,
01:36:55.195,75.5,77,810.8,0.0,0.039467,,,
01:36:55.234,75.5,78,812.2,0.0,0.039397,,,
01:36:55.274,76.0,78,806.1,0.0,0.039697,,,
01:36:55.315,76.5,78,788.2,0.0,0.040597,,,
01:36:55.354,76.5,78,807.1,0.0,0.039647,,,
01:36:55.394,76.7,78,808.4,0.0,0.039582,,,
01:36:55.434,76.8,82,803.5,0.0,0.039825,,,
01:36:55.473,77.0,82,816.5,0.0,0.039192,,,
01:36:55.513,77.0,82,804.1,0.0,0.039798,,,
01:36:55.553,77.2,82,789.2,0.0,0.040549,,,
01:36:55.594,80.3,82,793.7,0.0,0.040316,,,
01:36:55.633,80.5,82,804.8,0.0,0.039763,,,
01:36:55.673,80.5,82,808.8,0.0,0.039562,,,
01:36:55.712,80.5,82,814.5,0.0,0.03929,,,
01:36:55.752,80.5,82,801.1,0.0,0.039945,,,
01:36:55.792,80.6,82,795.6,0.0,0.040222,,,
01:36:55.832,80.8,83,806.0,0.0,0.039703,,,
01:36:55.872,80.8,83,795.9,0.0,0.040204,,,
01:36:55.912,81.3,83,797.7,0.0,0.040114,,,
01:36:55.955,81.8,83,770.1,0.0,0.041551,,,
01:36:55.998,81.8,83,738.3,0.0,0.043343,,,
01:36:56.041,82.0,79,738.5,0.0,0.043331,,,
01:36:56.086,78.6,79,724.4,0.0,0.044174,,,
01:36:56.088,,,,,,True,1,
01:36:56.119,78.8,79,264.4,14.010635,0.0,,,
01:36:56.161,79.0,79,769.2,0.0,0.075637,,,
01:36:56.207,79.0,79,706.5,0.0,0.045295,,,
01:36:56.251,79.1,74,718.0,0.0,0.044569,,,
01:36:56.295,82.1,74,720.8,0.0,0.044395,,,
01:36:56.339,82.3,74,734.7,0.0,0.043557,,,
01:36:56.382,82.3,74,744.0,0.0,0.04301,,,
01:36:56.426,82.3,74,735.5,0.0,0.043505,,,
01:36:56.470,82.5,75,726.8,0.0,0.044031,,,
01:36:56.513,82.6,75,726.0,0.0,0.044079,,,
01:36:56.557,82.8,75,736.9,0.0,0.043423,,,
01:36:56.600,82.8,75,736.0,0.0,0.04348,,,
01:36:56.644,83.3,76,737.1,0.0,0.043411,,,
01:36:56.688,83.8,76,733.7,0.0,0.043614,,,
01:36:56.731,83.8,76,733.5,0.0,0.043626,,,
01:36:56.775,83.9,76,732.4,0.0,0.043693,,,
01:36:56.818,80.5,76,739.8,0.0,0.043253,,,
01:36:56.820,,,,,,True,1,
01:36:56.851,80.6,74,271.9,14.742264,0.0,,,
01:36:56.893,80.8,74,762.4,0.0,0.075078,,,
01:36:56.936,80.8,74,745.9,0.0,0.042902,,,
01:36:56.979,79.6,74,745.9,0.0,0.042903,,,
01:36:56.981,,,,,,True,1,
01:36:57.011,79.8,74,271.7,14.903149,0.0,,,
01:36:57.053,82.6,79,769.4,0.0,0.074717,,,
01:36:57.096,82.8,79,744.1,0.0,0.043007,,,
01:36:57.139,82.8,79,748.9,0.0,0.04273,,,
01:36:57.182,82.8,79,745.6,0.0,0.042917,,,
01:36:57.229,83.1,77,734.7,0.0,0.043554,,,
01:36:57.272,83.3,77,690.1,0.0,0.046368,,,
01:36:57.315,83.4,77,741.6,0.0,0.043151,,,
01:36:57.359,83.6,77,737.6,0.0,0.043382,,,
01:36:57.401,83.9,77,754.0,0.0,0.042442,,,
01:36:57.441,84.4,77,797.2,0.0,0.040141,,,
01:36:57.483,84.4,77,769.4,0.0,0.041593,,,
01:36:57.527,84.6,77,731.5,0.0,0.043749,,,
01:36:57.571,84.8,77,727.3,0.0,0.043999,,,
01:36:57.615,84.9,77,726.6,0.0,0.04404,,,
01:36:57.658,84.9,75,736.5,0.0,0.043448,,,
01:36:57.703,85.1,75,719.7,0.0,0.044466,,,
01:36:57.748,87.9,75,714.8,0.0,0.044768,,,
01:36:57.792,88.1,75,714.8,0.0,0.044769,,,
01:36:57.837,88.1,77,715.9,0.0,0.044698,,,
01:36:57.881,88.1,77,726.2,0.0,0.044063,,,
01:36:57.925,88.4,77,724.3,0.0,0.044183,,,
01:36:57.972,86.4,77,688.4,0.0,0.046484,,,
01:36:57.974,,,,,,True,1,
01:36:58.005,86.6,77,266.3,15.896474,0.0,,,
01:36:58.048,86.8,74,749.3,0.0,0.076504,,,
01:36:58.092,86.9,74,726.4,0.0,0.044051,,,
01:36:58.136,87.3,74,726.0,0.0,0.044076,,,
01:36:58.180,87.7,74,736.0,0.0,0.043476,,,
01:36:58.224,87.7,74,726.0,0.0,0.044079,,,
01:36:58.268,87.9,75,725.0,0.0,0.044138,,,
01:36:58.312,88.1,75,729.2,0.0,0.043883,,,
01:36:58.357,88.4,75,705.3,0.0,0.045374,,,
01:36:58.399,88.4,75,750.2,0.0,0.042653,,,
01:36:58.442,88.4,77,750.1,0.0,0.042659,,,
01:36:58.487,91.2,77,725.9,0.0,0.044083,,,
01:36:58.531,91.4,77,722.9,0.0,0.044267,,,
01:36:58.575,91.4,77,725.9,0.0,0.044084,,,
01:36:58.619,91.4,77,730.7,0.0,0.043795,,,
01:36:58.663,91.7,74,720.2,0.0,0.044435,,,
01:36:58.708,91.9,74,717.3,0.0,0.044612,,,
01:36:58.752,92.1,74,721.7,0.0,0.044342,,,
01:36:58.796,92.2,74,724.1,0.0,0.044195,,,
01:36:58.840,92.5,79,730.3,0.0,0.043816,,,
01:36:58.888,88.9,79,666.4,0.0,0.048019,,,
01:36:58.891,,,,,,True,1,
01:36:58.925,89.1,79,240.4,16.816644,0.0,,,
01:36:58.969,89.1,79,739.8,0.0,0.080703,,,
01:36:59.013,89.2,79,724.5,0.0,0.04417,,,
01:36:59.057,89.4,72,722.5,0.0,0.044292,,,
01:36:59.101,89.7,72,726.1,0.0,0.044074,,,
01:36:59.146,89.7,72,723.4,0.0,0.044235,,,
01:36:59.190,89.7,72,719.3,0.0,0.044485,,,
01:36:59.234,92.4,79,723.8,0.0,0.04421,,,
01:36:59.278,92.7,79,727.5,0.0,0.043984,,,
01:36:59.322,92.7,79,727.7,0.0,0.043975,,,
01:36:59.367,92.7,79,723.6,0.0,0.044224,,,
01:36:59.411,93.0,79,721.7,0.0,0.044338,,,
01:36:59.455,93.2,74,727.4,0.0,0.043991,,,
01:36:59.499,93.4,74,726.5,0.0,0.044046,,,
01:36:59.543,93.5,74,724.7,0.0,0.044159,,,
01:36:59.587,93.9,74,724.1,0.0,0.044192,,,
01:36:59.631,94.4,80,724.1,0.0,0.044192,,,
01:36:59.675,94.4,80,725.7,0.0,0.044096,,,
01:36:59.719,94.5,80,732.0,0.0,0.043718,,,
01:36:59.763,94.7,80,728.9,0.0,0.0439,,,
01:36:59.808,95.0,80,719.1,0.0,0.044499,,,
01:36:59.852,95.0,75,719.8,0.0,0.044455,,,
01:36:59.898,95.0,75,693.0,0.0,0.046175,,,
01:36:59.942,97.7,75,720.9,0.0,0.04439,,,
01:36:59.988,98.0,75,712.3,0.0,0.044924,,,
01:37:00.032,98.0,78,714.2,0.0,0.044804,,,
01:37:00.077,98.0,78,712.7,0.0,0.0449,,,
01:37:00.122,98.3,78,720.6,0.0,0.044407,,,
01:37:00.167,98.5,78,711.2,0.0,0.044994,,,
01:37:00.214,96.2,78,674.6,0.0,0.047438,,,
01:37:00.217,,,,,,True,1,
01:37:00.248,96.4,72,266.4,18.138936,0.0,,,
01:37:00.292,96.5,72,725.9,0.0,0.077867,,,
01:37:00.336,96.9,72,719.2,0.0,0.044493,,,
01:37:00.381,97.4,72,721.6,0.0,0.044346,,,
01:37:00.428,97.4,79,718.3,0.0,0.044549,,,
01:37:00.472,97.5,79,679.8,0.0,0.047075,,,
01:37:00.517,97.5,79,721.1,0.0,0.044374,,,
01:37:00.562,97.8,79,716.4,0.0,0.044666,,,
01:37:00.607,98.0,79,703.6,0.0,0.045478,,,
01:37:00.653,95.4,74,690.6,0.0,0.046336,,,
01:37:00.655,,,,,,True,1,
01:37:00.686,95.5,74,274.4,18.577121,0.0,,,
01:37:00.730,98.2,74,733.9,0.0,0.076406,,,
01:37:00.774,98.5,74,721.0,0.0,0.044384,,,
01:37:00.818,98.5,74,725.4,0.0,0.044116,,,
01:37:00.862,98.5,77,722.9,0.0,0.044267,,,
01:37:00.908,98.8,77,711.0,0.0,0.04501,,,
01:37:00.952,98.8,77,716.2,0.0,0.044683,,,
01:37:00.998,99.0,77,690.6,0.0,0.046334,,,
01:37:01.043,99.3,79,721.0,0.0,0.044384,,,
01:37:01.088,99.7,79,714.7,0.0,0.044775,,,
01:37:01.090,,,,,,,,847241d9b68442e79105a058e53ef27d
01:37:01.132,99.8,79,691.5,0.0,0.04483,,,
01:37:01.177,95.2,79,703.6,0.0,0.044062,,,
01:37:01.179,,,,,,True,1,
01:37:01.179,,,,,,False,1,
01:37:01.209,95.7,79,847.8,0.121919,0.0,,,
01:37:01.253,95.9,77,741.5,0.0,0.076181,,,
01:37:01.296,95.9,77,728.0,0.0,0.043959,,,
01:37:01.341,96.2,77,724.1,0.0,0.044194,,,
01:37:01.386,96.4,77,714.8,0.0,0.04477,,,
01:37:01.431,96.4,80,710.3,0.0,0.045054,,,
01:37:01.475,98.8,80,720.4,0.0,0.04442,,,
01:37:01.522,99.2,80,693.2,0.0,0.046162,,,
01:37:01.567,99.3,80,701.6,0.0,0.045609,,,
01:37:01.612,99.3,80,707.5,0.0,0.045227,,,
01:37:01.656,99.7,73,719.5,0.0,0.044474,,,
01:37:01.701,94.9,73,717.2,0.0,0.044619,,,
01:37:01.703,,,,,,True,1,
01:37:01.734,95.0,73,269.1,19.625645,0.0,,,
01:37:01.778,95.2,73,743.4,0.0,0.076498,,,
01:37:01.822,95.4,73,725.9,0.0,0.044086,,,
01:37:01.867,95.9,78,703.9,0.0,0.04546,,,
01:37:01.912,96.4,78,717.6,0.0,0.044595,,,
01:37:01.959,96.4,78,694.0,0.0,0.046112,,,
01:37:02.007,96.5,78,648.0,0.0,0.049384,,,
01:37:02.052,96.5,74,711.0,0.0,0.045005,,,
01:37:02.097,94.5,74,717.4,0.0,0.044604,,,
01:37:02.100,,,,,,True,1,
01:37:02.130,94.7,74,267.7,20.021535,0.0,,,
01:37:02.173,94.9,74,743.5,0.0,0.076655,,,
01:37:02.218,94.9,74,724.2,0.0,0.044185,,,
01:37:02.262,97.2,77,723.1,0.0,0.044254,,,
01:37:02.307,97.5,77,717.8,0.0,0.04458,,,
01:37:02.353,97.7,77,685.7,0.0,0.046669,,,
01:37:02.399,97.7,77,696.5,0.0,0.045941,,,
01:37:02.444,98.0,78,716.9,0.0,0.044636,,,
01:37:02.489,98.2,78,711.1,0.0,0.045003,,,
01:37:02.534,98.3,78,711.7,0.0,0.044961,,,
01:37:02.578,98.5,78,722.9,0.0,0.044267,,,
01:37:02.622,99.0,78,720.6,0.0,0.044406,,,
01:37:02.667,99.5,76,717.7,0.0,0.044586,,,
01:37:02.712,99.5,76,713.4,0.0,0.044854,,,
01:37:02.756,99.7,76,721.9,0.0,0.044327,,,
01:37:02.800,99.7,76,720.7,0.0,0.044402,,,
01:37:02.802,,,,,,,,fdf867929f2d41e2a706dc989be9cf3e
01:37:02.846,99.7,78,688.6,0.0,0.045021,,,
01:37:02.890,99.8,78,695.9,0.0,0.044546,,,
01:37:02.935,99.8,78,696.3,0.0,0.044523,,,
01:37:02.936,,,,,,,,2d67bd2db4d64c19a52320d11be7e5d3
01:37:02.936,,,,,,,,63611dd516c6431d8f5bedc23fd9994f
01:37:02.937,,,,,,,,847241d9b68442e79105a058e53ef27d
01:37:02.937,,,,,,,,aea30dceeb034fb1bae790140826adea
01:37:02.979,99.7,78,611.1,0.0,0.044182,,,
01:37:03.023,100.0,78,617.7,0.0,0.04371,,,
01:37:03.024,,,,,,,,be375819783043059f11ca62bca20f4b
01:37:03.067,93.7,77,589.5,0.0,0.044105,,,
01:37:03.069,,,,,,True,1,
01:37:03.070,,,,,,False,6,
01:37:03.153,97.8,77,3917.9,0.130632,0.0,,,
01:37:03.297,97.8,74,222.9,0.0,0.230111,,,
01:37:03.342,98.3,74,704.3,0.0,0.045432,,,
01:37:03.388,98.3,74,704.8,0.0,0.045403,,,
01:37:03.433,98.5,49,704.8,0.0,0.045402,,,
01:37:03.477,98.7,49,718.7,0.0,0.044525,,,
01:37:03.522,99.0,49,719.6,0.0,0.04447,,,
01:37:03.568,99.5,49,700.8,0.0,0.045661,,,
01:37:03.614,100.0,49,696.1,0.0,0.045972,,,
01:37:03.615,,,,,,,,501a2b800c0a4475abe4d7a1bd74b689
01:37:03.659,99.8,73,681.7,0.0,0.045477,,,
01:37:03.705,99.8,73,672.4,0.0,0.046102,,,
01:37:03.707,,,,,,,,fdf867929f2d41e2a706dc989be9cf3e
01:37:03.750,99.5,73,671.2,0.0,0.044696,,,
01:37:03.795,99.5,73,671.4,0.0,0.044682,,,
01:37:03.839,99.7,79,672.7,0.0,0.044598,,,
01:37:03.841,,,,,,,,2d67bd2db4d64c19a52320d11be7e5d3
01:37:03.841,,,,,,,,63611dd516c6431d8f5bedc23fd9994f
01:37:03.841,,,,,,,,847241d9b68442e79105a058e53ef27d
01:37:03.884,99.8,79,602.8,0.0,0.044794,,,
01:37:03.886,,,,,,,,aea30dceeb034fb1bae790140826adea
01:37:03.929,99.2,79,582.7,0.0,0.044622,,,
01:37:03.972,99.2,79,594.1,0.0,0.043763,,,
01:37:04.016,99.2,79,592.9,0.0,0.04385,,,
01:37:04.060,99.5,75,596.6,0.0,0.043579,,,
01:37:04.104,99.5,75,588.7,0.0,0.044163,,,
01:37:04.148,99.7,75,590.0,0.0,0.044069,,,
01:37:04.191,99.8,75,596.1,0.0,0.043615,,,
01:37:04.193,,,,,,,,be375819783043059f11ca62bca20f4b
01:37:04.235,98.8,81,578.8,0.0,0.043194,,,
01:37:04.278,99.3,81,580.7,0.0,0.043054,,,
01:37:04.320,99.3,81,584.9,0.0,0.042742,,,
01:37:04.365,35.9,81,571.8,0.0,0.043723,,,
01:37:04.368,,,,,,True,12,
01:37:04.368,,,,,,False,7,
01:37:04.499,43.2,81,4041.5,0.307814,0.0,,,
01:37:04.541,43.2,81,770.3,0.0,0.176643,,,
01:37:04.582,43.4,81,779.0,0.0,0.041078,,,
01:37:04.623,43.4,81,786.6,0.0,0.040683,,,
01:37:04.664,43.5,82,787.1,0.0,0.040655,,,
01:37:04.704,43.7,82,795.2,0.0,0.040241,,,
01:37:04.745,43.9,82,784.9,0.0,0.040771,,,
01:37:04.785,43.9,82,787.6,0.0,0.040629,,,
01:37:04.827,45.9,76,791.4,0.0,0.040436,,,
01:37:04.867,46.4,76,777.4,0.0,0.041162,,,
01:37:04.907,46.5,76,791.1,0.0,0.040452,,,
01:37:04.948,46.7,76,787.4,0.0,0.04064,,,
01:37:04.989,46.9,76,785.5,0.0,0.040736,,,
01:37:05.030,47.4,76,776.4,0.0,0.041214,,,
01:37:05.070,47.8,76,785.3,0.0,0.04075,,,
01:37:05.111,48.3,76,785.4,0.0,0.040742,,,
01:37:05.152,48.5,76,787.0,0.0,0.04066,,,
01:37:05.192,48.5,76,789.2,0.0,0.040547,,,
01:37:05.233,48.7,75,786.4,0.0,0.040692,,,
01:37:05.274,48.7,75,783.8,0.0,0.040825,,,
01:37:05.315,48.8,75,774.9,0.0,0.041294,,,
01:37:05.359,49.0,75,736.4,0.0,0.043456,,,
01:37:05.399,49.2,75,789.5,0.0,0.040533,,,
01:37:05.440,49.2,74,778.0,0.0,0.041133,,,
01:37:05.481,51.2,74,778.0,0.0,0.041134,,,
01:37:05.523,51.7,74,776.4,0.0,0.041214,,,
01:37:05.563,51.8,74,800.7,0.0,0.039964,,,
01:37:05.604,52.0,74,781.4,0.0,0.040953,,,
01:37:05.645,52.2,74,772.9,0.0,0.041405,,,
01:37:05.689,52.6,74,740.1,0.0,0.043237,,,
01:37:05.731,52.0,74,756.7,0.0,0.04229,,,
01:37:05.733,,,,,,True,1,
01:37:05.764,52.2,74,265.0,23.655295,0.0,,,
01:37:05.806,52.5,74,779.6,0.0,0.075012,,,
01:37:05.847,52.6,74,772.9,0.0,0.041402,,,
01:37:05.889,52.6,74,766.1,0.0,0.041768,,,
01:37:05.930,52.8,74,778.4,0.0,0.04111,,,
01:37:05.969,52.8,74,801.9,0.0,0.039904,,,
01:37:06.010,53.0,74,803.1,0.0,0.039846,,,
01:37:06.051,53.1,75,772.6,0.0,0.041421,,,
01:37:06.092,53.5,75,779.3,0.0,0.041062,,,
01:37:06.133,53.5,75,778.6,0.0,0.0411,,,
01:37:06.174,55.5,75,780.0,0.0,0.041024,,,
01:37:06.215,56.0,75,783.0,0.0,0.040869,,,
01:37:06.256,56.1,75,777.7,0.0,0.041146,,,
01:37:06.297,56.3,75,774.8,0.0,0.041302,,,
01:37:06.339,56.5,75,775.7,0.0,0.041253,,,
01:37:06.380,57.0,75,778.3,0.0,0.041114,,,
01:37:06.421,57.5,75,778.0,0.0,0.041132,,,
01:37:06.462,57.8,76,775.7,0.0,0.041254,,,
01:37:06.504,57.9,76,776.2,0.0,0.041225,,,
01:37:06.547,57.9,76,743.1,0.0,0.043064,,,
01:37:06.588,58.1,76,771.7,0.0,0.04147,,,
01:37:06.629,58.1,76,772.2,0.0,0.041442,,,
01:37:06.670,58.3,76,780.4,0.0,0.041005,,,
01:37:06.712,57.8,76,776.7,0.0,0.041199,,,
01:37:06.715,,,,,,True,1,
01:37:06.745,57.9,76,266.9,24.636155,0.0,,,
01:37:06.786,58.3,76,795.1,0.0,0.073962,,,
01:37:06.827,58.3,76,771.6,0.0,0.041473,,,
01:37:06.869,60.1,76,756.0,0.0,0.042329,,,
01:37:06.911,60.6,76,764.3,0.0,0.041869,,,
01:37:06.952,55.6,76,776.9,0.0,0.041191,,,
01:37:06.955,,,,,,True,1,
01:37:06.985,55.8,76,273.5,24.876156,0.0,,,
01:37:07.026,56.0,75,802.0,0.0,0.072811,,,
01:37:07.066,56.1,75,784.0,0.0,0.040819,,,
01:37:07.107,56.8,75,785.6,0.0,0.040732,,,
01:37:07.148,57.3,75,785.4,0.0,0.040743,,,
01:37:07.188,57.6,75,786.3,0.0,0.040697,,,
01:37:07.229,57.8,77,791.9,0.0,0.040408,,,
01:37:07.269,57.8,77,791.0,0.0,0.040455,,,
01:37:07.309,58.1,77,792.2,0.0,0.040396,,,
01:37:07.350,58.1,77,794.9,0.0,0.040255,,,
01:37:07.390,58.3,77,794.7,0.0,0.040267,,,
01:37:07.430,58.3,77,790.3,0.0,0.040489,,,
01:37:07.471,58.6,77,788.2,0.0,0.040598,,,
01:37:07.512,58.6,77,787.0,0.0,0.040662,,,
01:37:07.552,60.4,77,789.0,0.0,0.040557,,,
01:37:07.593,60.9,77,790.4,0.0,0.040488,,,
01:37:07.633,61.1,77,790.2,0.0,0.040497,,,
01:37:07.674,61.3,77,790.1,0.0,0.040504,,,
01:37:07.714,61.4,77,789.6,0.0,0.040529,,,
01:37:07.755,62.1,77,785.9,0.0,0.040718,,,
01:37:07.796,62.6,77,778.9,0.0,0.041086,,,
01:37:07.839,62.9,76,745.8,0.0,0.042907,,,
01:37:07.880,63.1,76,772.7,0.0,0.041415,,,
01:37:07.922,63.1,76,774.6,0.0,0.041312,,,
01:37:07.963,63.4,76,773.3,0.0,0.041384,,,
01:37:08.005,63.4,76,765.8,0.0,0.041785,,,
01:37:08.046,63.6,75,775.6,0.0,0.041258,,,
01:37:08.088,63.6,75,774.7,0.0,0.041304,,,
01:37:08.129,63.9,75,777.0,0.0,0.041184,,,
01:37:08.170,63.9,75,783.2,0.0,0.040859,,,
01:37:08.210,65.7,75,782.8,0.0,0.040878,,,
01:37:08.253,66.2,75,748.4,0.0,0.042761,,,
01:37:08.295,65.1,75,773.8,0.0,0.041356,,,
01:37:08.297,,,,,,True,1,
01:37:08.327,65.2,75,273.3,26.218278,0.0,,,
01:37:08.368,65.4,75,801.3,0.0,0.072873,,,
01:37:08.409,65.6,75,772.0,0.0,0.041452,,,
01:37:08.450,66.1,78,779.0,0.0,0.041077,,,
01:37:08.491,66.6,78,780.0,0.0,0.041028,,,
01:37:08.532,66.9,78,778.2,0.0,0.041123,,,
01:37:08.573,67.1,78,774.6,0.0,0.041313,,,
01:37:08.615,67.1,78,776.0,0.0,0.041239,,,
01:37:08.656,67.5,76,774.5,0.0,0.041315,,,
01:37:08.698,67.5,76,768.6,0.0,0.041633,,,
01:37:08.740,67.7,76,759.7,0.0,0.04212,,,
01:37:08.782,67.7,76,766.7,0.0,0.041737,,,
01:37:08.825,68.0,78,761.5,0.0,0.042025,,,
01:37:08.867,68.0,78,737.6,0.0,0.043381,,,
01:37:08.910,64.6,78,751.7,0.0,0.042572,,,
01:37:08.912,,,,,,True,1,
01:37:08.943,64.7,78,269.2,26.833646,0.0,,,
01:37:08.984,65.2,78,780.9,0.0,0.074412,,,
01:37:09.026,65.4,76,763.7,0.0,0.041899,,,
01:37:09.068,65.6,76,764.8,0.0,0.041842,,,
01:37:09.109,65.7,76,769.7,0.0,0.041576,,,
01:37:09.151,66.1,76,768.2,0.0,0.041658,,,
01:37:09.193,66.6,76,760.9,0.0,0.042055,,,
01:37:09.236,66.9,75,741.0,0.0,0.043184,,,
01:37:09.279,65.2,75,743.7,0.0,0.043026,,,
01:37:09.282,,,,,,True,1,
01:37:09.313,65.4,75,263.2,27.20404,0.0,,,
01:37:09.354,65.4,75,793.5,0.0,0.074523,,,
01:37:09.395,65.9,75,767.8,0.0,0.041677,,,
01:37:09.436,65.9,76,775.2,0.0,0.04128,,,
01:37:09.478,64.6,76,773.7,0.0,0.041359,,,
01:37:09.480,,,,,,True,1,
01:37:09.510,64.7,76,274.5,27.401459,0.0,,,
01:37:09.550,64.7,76,804.0,0.0,0.072592,,,
01:37:09.592,65.1,76,778.6,0.0,0.041098,,,
01:37:09.633,65.1,78,778.2,0.0,0.041119,,,
01:37:09.674,67.1,78,771.6,0.0,0.04147,,,
01:37:09.716,67.5,78,771.2,0.0,0.041496,,,
01:37:09.757,67.5,78,769.8,0.0,0.04157,,,
01:37:09.799,67.7,78,758.2,0.0,0.042204,,,
01:37:09.842,68.0,76,764.3,0.0,0.041871,,,
01:37:09.884,68.4,76,755.9,0.0,0.042334,,,
01:37:09.926,68.9,76,763.1,0.0,0.041935,,,
01:37:09.968,69.0,76,760.4,0.0,0.042082,,,
01:37:10.009,69.4,76,765.0,0.0,0.04183,,,
01:37:10.051,69.4,75,766.0,0.0,0.041778,,,
01:37:10.093,69.9,75,765.8,0.0,0.041785,,,
01:37:10.135,69.9,75,771.1,0.0,0.041498,,,
01:37:10.176,70.0,75,765.3,0.0,0.041812,,,
01:37:10.219,70.0,75,748.3,0.0,0.042766,,,
01:37:10.263,70.4,77,740.1,0.0,0.04324,,,
01:37:10.305,70.4,77,751.9,0.0,0.042561,,,
01:37:10.347,72.4,77,758.8,0.0,0.042173,,,
01:37:10.389,72.8,77,763.0,0.0,0.041939,,,
01:37:10.431,72.8,78,763.7,0.0,0.041901,,,
01:37:10.473,67.7,78,764.2,0.0,0.041876,,,
01:37:10.475,,,,,,True,1,
01:37:10.506,67.9,78,273.0,28.396545,0.0,,,
01:37:10.547,68.2,78,781.5,0.0,0.073913,,,
01:37:10.589,68.5,78,759.7,0.0,0.042119,,,
01:37:10.630,69.0,77,769.4,0.0,0.041591,,,
01:37:10.672,69.2,77,769.6,0.0,0.041579,,,
01:37:10.713,69.4,77,773.2,0.0,0.041387,,,
01:37:10.755,69.4,77,769.9,0.0,0.041565,,,
01:37:10.797,67.7,77,767.1,0.0,0.041713,,,
01:37:10.799,,,,,,True,1,
01:37:10.829,67.9,76,272.2,28.720499,0.0,,,
01:37:10.870,68.0,76,796.6,0.0,0.073236,,,
01:37:10.912,68.0,76,763.5,0.0,0.041911,,,
01:37:10.954,68.0,76,764.8,0.0,0.04184,,,
01:37:10.996,68.4,76,755.4,0.0,0.042359,,,
01:37:11.038,68.4,78,765.1,0.0,0.041824,,,
01:37:11.080,70.4,78,762.0,0.0,0.041993,,,
01:37:11.122,70.9,78,764.0,0.0,0.041884,,,
01:37:11.164,71.0,78,767.3,0.0,0.041706,,,
01:37:11.205,71.2,78,768.1,0.0,0.041661,,,
01:37:11.247,71.5,75,763.6,0.0,0.041909,,,
01:37:11.289,71.9,75,770.0,0.0,0.04156,,,
01:37:11.330,68.4,75,768.9,0.0,0.04162,,,
01:37:11.333,,,,,,True,1,
01:37:11.363,68.5,75,275.6,29.253577,0.0,,,
01:37:11.404,68.7,75,781.1,0.0,0.073625,,,
01:37:11.446,68.9,78,762.2,0.0,0.041985,,,
01:37:11.487,68.9,78,767.0,0.0,0.041723,,,
01:37:11.529,69.4,78,771.7,0.0,0.041466,,,
01:37:11.570,69.5,78,774.0,0.0,0.041345,,,
01:37:11.612,67.7,78,773.8,0.0,0.041355,,,
01:37:11.614,,,,,,True,1,
01:37:11.644,67.9,77,274.9,29.535135,0.0,,,
01:37:11.685,67.9,77,792.1,0.0,0.073138,,,
01:37:11.727,68.4,77,765.6,0.0,0.041797,,,
01:37:11.768,68.4,77,766.9,0.0,0.041727,,,
01:37:11.810,70.2,77,770.0,0.0,0.041558,,,
01:37:11.851,70.7,78,772.0,0.0,0.041449,,,
01:37:11.893,70.9,78,771.0,0.0,0.041507,,,
01:37:11.935,71.0,78,767.3,0.0,0.041706,,,
01:37:11.977,69.5,78,763.8,0.0,0.041894,,,
01:37:11.979,,,,,,True,1,
01:37:12.009,69.7,78,268.5,29.900672,0.0,,,
01:37:12.050,70.0,78,791.1,0.0,0.073966,,,
01:37:12.093,70.4,78,759.1,0.0,0.042158,,,
01:37:12.134,70.5,78,771.6,0.0,0.04147,,,
01:37:12.175,70.7,78,773.4,0.0,0.041374,,,
01:37:12.217,70.7,78,772.6,0.0,0.041421,,,
01:37:12.262,71.2,77,715.9,0.0,0.0447,,,
01:37:12.304,71.4,77,762.4,0.0,0.041971,,,
01:37:12.346,71.5,77,762.3,0.0,0.041979,,,
01:37:12.388,71.5,77,754.9,0.0,0.04239,,,
01:37:12.430,72.0,78,765.2,0.0,0.041818,,,
01:37:12.471,72.0,78,768.5,0.0,0.041641,,,
01:37:12.513,73.7,78,769.5,0.0,0.041588,,,
01:37:12.555,74.2,78,766.1,0.0,0.041772,,,
01:37:12.597,74.3,78,758.7,0.0,0.042177,,,
01:37:12.639,74.5,76,754.4,0.0,0.042416,,,
01:37:12.682,75.0,76,754.2,0.0,0.042429,,,
01:37:12.724,75.3,76,763.1,0.0,0.041936,,,
01:37:12.766,75.7,76,758.1,0.0,0.042209,,,
01:37:12.808,75.8,76,753.7,0.0,0.042457,,,
01:37:12.850,76.0,75,761.0,0.0,0.042051,,,
01:37:12.892,76.0,75,762.0,0.0,0.041997,,,
01:37:12.934,76.5,75,762.0,0.0,0.041996,,,
01:37:12.976,76.7,75,761.7,0.0,0.042013,,,
01:37:13.019,76.8,75,751.3,0.0,0.042591,,,
01:37:13.062,76.8,78,748.9,0.0,0.042732,,,
01:37:13.105,77.3,78,747.4,0.0,0.042815,,,
01:37:13.147,77.3,78,755.7,0.0,0.042347,,,
01:37:13.189,79.0,78,760.6,0.0,0.042069,,,
01:37:13.231,79.5,78,756.2,0.0,0.042314,,,
01:37:13.274,79.6,78,755.6,0.0,0.042353,,,
01:37:13.316,79.8,78,761.8,0.0,0.042006,,,
01:37:13.358,80.3,78,755.4,0.0,0.042363,,,
01:37:13.401,80.6,78,742.6,0.0,0.043094,,,
01:37:13.445,81.0,75,735.7,0.0,0.043493,,,
01:37:13.488,81.1,75,744.7,0.0,0.042973,,,
01:37:13.530,81.3,75,756.0,0.0,0.042325,,,
01:37:13.573,81.3,75,753.0,0.0,0.042494,,,
01:37:13.616,81.8,75,741.7,0.0,0.043143,,,
01:37:13.663,82.0,75,680.7,0.0,0.047008,,,
01:37:13.708,82.1,75,703.3,0.0,0.045503,,,
01:37:13.751,82.1,75,745.3,0.0,0.042938,,,
01:37:13.794,82.6,75,747.1,0.0,0.042832,,,
01:37:13.835,82.6,77,771.1,0.0,0.041497,,,
01:37:13.874,84.3,77,811.6,0.0,0.039427,,,
01:37:13.915,84.8,77,794.2,0.0,0.040294,,,
01:37:13.962,84.9,77,684.4,0.0,0.046757,,,
01:37:14.006,80.1,77,735.2,0.0,0.043525,,,
01:37:14.008,,,,,,True,1,
01:37:14.038,80.3,77,267.6,31.929588,0.0,,,
01:37:14.081,80.8,77,764.3,0.0,0.075499,,,
01:37:14.124,81.1,77,742.0,0.0,0.043129,,,
01:37:14.167,81.5,77,748.4,0.0,0.042761,,,
01:37:14.209,81.6,77,758.2,0.0,0.042206,,,
01:37:14.251,81.8,77,757.1,0.0,0.042268,,,
01:37:14.294,81.8,77,754.2,0.0,0.042428,,,
01:37:14.336,82.3,77,755.7,0.0,0.042345,,,
01:37:14.379,82.6,77,749.8,0.0,0.04268,,,
01:37:14.423,82.8,79,748.2,0.0,0.042769,,,
01:37:14.466,82.8,79,714.1,0.0,0.044813,,,
01:37:14.509,83.3,79,752.5,0.0,0.042525,,,
01:37:14.551,83.3,79,749.1,0.0,0.042719,,,
01:37:14.594,84.9,79,747.6,0.0,0.042806,,,
01:37:14.637,80.1,77,744.9,0.0,0.042956,,,
01:37:14.639,,,,,,True,1,
01:37:14.670,80.3,77,271.3,32.561011,0.0,,,
01:37:14.712,80.5,77,771.1,0.0,0.074665,,,
01:37:14.754,80.5,77,754.1,0.0,0.042434,,,
01:37:14.797,81.0,77,753.9,0.0,0.042443,,,
01:37:14.840,81.3,77,745.3,0.0,0.042934,,,
01:37:14.883,81.5,77,744.9,0.0,0.042961,,,
01:37:14.926,81.6,77,748.2,0.0,0.04277,,,
01:37:14.968,81.8,77,750.3,0.0,0.042651,,,
01:37:15.011,82.0,77,749.2,0.0,0.042715,,,
01:37:15.053,82.5,75,751.2,0.0,0.042598,,,
01:37:15.096,82.8,75,750.4,0.0,0.042644,,,
01:37:15.139,82.9,75,750.1,0.0,0.04266,,,
01:37:15.182,82.9,75,743.5,0.0,0.043041,,,
01:37:15.225,83.4,80,740.8,0.0,0.043194,,,
01:37:15.268,83.4,80,745.7,0.0,0.042912,,,
01:37:15.310,85.1,80,749.2,0.0,0.042712,,,
01:37:15.353,80.3,80,746.0,0.0,0.042898,,,
01:37:15.356,,,,,,True,1,
01:37:15.389,80.5,80,251.7,33.279819,0.0,,,
01:37:15.431,80.6,76,756.7,0.0,0.078049,,,
01:37:15.474,80.6,76,748.1,0.0,0.042773,,,
01:37:15.517,81.1,76,746.4,0.0,0.042875,,,
01:37:15.560,81.5,76,743.0,0.0,0.043066,,,
01:37:15.603,81.5,76,744.8,0.0,0.042964,,,
01:37:15.646,81.6,75,745.8,0.0,0.042908,,,
01:37:15.689,81.8,75,745.7,0.0,0.042912,,,
01:37:15.734,76.8,75,709.6,0.0,0.045097,,,
01:37:15.737,,,,,,True,1,
01:37:15.766,77.0,75,273.8,33.657557,0.0,,,
01:37:15.808,77.5,75,777.1,0.0,0.074055,,,
01:37:15.851,77.8,76,749.4,0.0,0.042699,,,
01:37:15.893,78.0,76,752.4,0.0,0.042532,,,
01:37:15.936,78.0,76,755.0,0.0,0.042382,,,
01:37:15.979,78.3,76,749.5,0.0,0.042696,,,
01:37:16.023,78.3,79,740.2,0.0,0.043232,,,
01:37:16.065,74.7,79,732.4,0.0,0.043694,,,
01:37:16.068,,,,,,True,1,
01:37:16.098,74.8,79,274.0,33.988798,0.0,,,
01:37:16.139,75.5,79,779.4,0.0,0.073903,,,
01:37:16.182,72.7,79,755.1,0.0,0.042376,,,
01:37:16.184,,,,,,True,1,
01:37:16.214,72.8,79,272.4,34.105251,0.0,,,
01:37:16.255,72.8,76,789.1,0.0,0.073588,,,
01:37:16.298,73.3,76,753.0,0.0,0.042495,,,
01:37:16.340,73.5,76,756.1,0.0,0.04232,,,
01:37:16.382,73.5,76,759.0,0.0,0.042159,,,
01:37:16.425,73.7,80,755.9,0.0,0.042334,,,
01:37:16.467,73.7,80,753.7,0.0,0.042458,,,
01:37:16.469,,,,,,True,1,
01:37:16.499,73.8,80,275.2,34.390253,0.0,,,
01:37:16.542,74.2,80,769.6,0.0,0.074279,,,
01:37:16.586,74.8,80,720.6,0.0,0.044405,,,
01:37:16.628,75.2,76,757.3,0.0,0.042255,,,
01:37:16.670,75.3,76,762.3,0.0,0.04198,,,
01:37:16.712,75.3,76,762.0,0.0,0.041992,,,
01:37:16.754,75.7,76,757.8,0.0,0.04223,,,
01:37:16.797,75.7,76,754.1,0.0,0.042435,,,
01:37:16.839,77.3,76,754.2,0.0,0.04243,,,
01:37:16.882,78.0,76,750.7,0.0,0.042627,,,
01:37:16.924,78.1,76,755.4,0.0,0.042362,,,
01:37:16.968,73.2,76,721.2,0.0,0.044373,,,
01:37:16.971,,,,,,True,1,
01:37:17.001,73.3,76,272.0,34.891992,0.0,,,
01:37:17.043,73.8,76,774.1,0.0,0.074425,,,
01:37:17.087,74.0,76,724.8,0.0,0.044148,,,
01:37:17.129,74.0,76,761.0,0.0,0.042053,,,
01:37:17.171,74.2,76,764.1,0.0,0.041877,,,
01:37:17.213,74.3,76,763.0,0.0,0.041938,,,
01:37:17.255,74.7,75,760.9,0.0,0.042054,,,
01:37:17.297,75.3,75,756.9,0.0,0.04228,,,
01:37:17.340,75.8,75,742.8,0.0,0.043078,,,
01:37:17.382,76.0,75,761.1,0.0,0.042045,,,
01:37:17.425,76.0,80,753.6,0.0,0.042464,,,
01:37:17.467,76.3,80,753.5,0.0,0.04247,,,
01:37:17.509,76.3,80,761.9,0.0,0.042002,,,
01:37:17.551,74.7,80,761.6,0.0,0.042015,,,
01:37:17.554,,,,,,True,1,
01:37:17.584,74.8,80,274.7,35.474498,0.0,,,
01:37:17.625,75.3,78,773.8,0.0,0.074114,,,
01:37:17.667,75.5,78,761.5,0.0,0.042025,,,
01:37:17.709,75.5,78,765.7,0.0,0.041794,,,
01:37:17.751,76.0,78,765.4,0.0,0.041811,,,
01:37:17.793,76.2,78,765.7,0.0,0.041792,,,
01:37:17.835,76.2,77,764.4,0.0,0.041862,,,
01:37:17.877,76.3,77,757.9,0.0,0.04222,,,
01:37:17.919,76.7,77,753.6,0.0,0.042461,,,
01:37:17.963,77.0,77,746.0,0.0,0.042898,,,
01:37:18.005,77.6,77,740.6,0.0,0.043211,,,
01:37:18.048,76.5,75,750.6,0.0,0.04263,,,
01:37:18.051,,,,,,True,1,
01:37:18.081,76.7,75,271.1,35.971715,0.0,,,
01:37:18.123,76.8,75,765.8,0.0,0.074988,,,
01:37:18.166,76.8,75,747.1,0.0,0.042834,,,
01:37:18.208,77.2,75,758.0,0.0,0.042215,,,
01:37:18.250,77.2,77,757.6,0.0,0.04224,,,
01:37:18.293,78.6,77,755.4,0.0,0.042361,,,
01:37:18.335,79.1,77,759.0,0.0,0.042161,,,
01:37:18.377,79.3,77,754.1,0.0,0.042437,,,
01:37:18.422,79.5,79,755.8,0.0,0.042339,,,
01:37:18.464,74.7,79,715.2,0.0,0.044742,,,
01:37:18.467,,,,,,True,1,
01:37:18.497,74.8,79,273.8,36.387672,0.0,,,
01:37:18.538,75.0,79,779.4,0.0,0.073921,,,
01:37:18.581,75.0,79,752.1,0.0,0.042545,,,
01:37:18.623,75.2,78,754.6,0.0,0.042405,,,
01:37:18.667,75.5,78,722.7,0.0,0.044277,,,
01:37:18.710,75.8,78,753.5,0.0,0.042469,,,
01:37:18.752,76.5,78,755.7,0.0,0.042344,,,
01:37:18.795,77.0,78,757.0,0.0,0.042272,,,
01:37:18.837,77.3,74,755.2,0.0,0.042372,,,
01:37:18.880,77.3,74,752.8,0.0,0.04251,,,
01:37:18.922,77.6,74,751.2,0.0,0.042597,,,
01:37:18.965,77.6,74,751.8,0.0,0.042567,,,
01:37:19.007,79.1,74,756.9,0.0,0.042277,,,
01:37:19.050,79.5,75,747.4,0.0,0.042816,,,
01:37:19.092,79.6,75,751.8,0.0,0.042563,,,
01:37:19.135,79.8,75,757.5,0.0,0.042247,,,
01:37:19.177,80.1,75,751.9,0.0,0.042562,,,
01:37:19.222,80.3,78,754.4,0.0,0.042418,,,
01:37:19.264,80.3,78,718.4,0.0,0.044542,,,
01:37:19.307,80.5,78,750.8,0.0,0.042624,,,
01:37:19.349,80.8,78,754.8,0.0,0.042396,,,
01:37:19.391,81.1,78,757.7,0.0,0.042234,,,
01:37:19.434,81.8,77,755.7,0.0,0.042344,,,
01:37:19.477,81.3,77,746.3,0.0,0.04288,,,
01:37:19.479,,,,,,True,1,
01:37:19.509,81.5,77,271.8,37.400084,0.0,,,
01:37:19.551,81.8,77,777.5,0.0,0.074272,,,
01:37:19.593,81.8,77,753.3,0.0,0.04248,,,
01:37:19.636,82.1,78,750.4,0.0,0.042641,,,
01:37:19.679,73.7,78,742.0,0.0,0.043125,,,
01:37:19.682,,,,,,True,2,
01:37:19.711,74.0,78,545.2,37.602482,0.0,,,
01:37:19.752,75.5,78,801.8,0.0,0.072924,,,
01:37:19.794,75.8,78,762.6,0.0,0.041962,,,
01:37:19.836,76.0,78,760.3,0.0,0.042089,,,
01:37:19.878,76.3,78,759.2,0.0,0.042152,,,
01:37:19.921,75.8,78,748.9,0.0,0.042729,,,
01:37:19.924,,,,,,True,1,
01:37:19.954,76.0,78,269.4,37.844698,0.0,,,
01:37:19.996,76.0,78,774.2,0.0,0.074743,,,
01:37:20.038,76.0,77,757.0,0.0,0.04227,,,
01:37:20.081,76.5,77,754.7,0.0,0.042403,,,
01:37:20.123,76.7,77,757.9,0.0,0.042224,,,
01:37:20.165,77.0,77,747.5,0.0,0.042811,,,
01:37:20.209,77.5,77,740.1,0.0,0.043237,,,
01:37:20.252,78.0,75,739.6,0.0,0.043265,,,
01:37:20.295,78.5,75,743.4,0.0,0.043048,,,
01:37:20.338,78.5,75,748.2,0.0,0.042767,,,
01:37:20.383,78.8,75,713.7,0.0,0.044835,,,
01:37:20.425,78.8,78,748.0,0.0,0.042782,,,
01:37:20.468,80.3,78,751.3,0.0,0.042594,,,
01:37:20.510,80.6,78,752.9,0.0,0.042502,,,
01:37:20.553,80.8,78,755.3,0.0,0.042368,,,
01:37:20.596,81.1,78,738.5,0.0,0.043332,,,
01:37:20.639,81.3,75,744.4,0.0,0.042989,,,
01:37:20.682,76.0,75,745.1,0.0,0.042947,,,
01:37:20.685,,,,,,True,1,
01:37:20.715,76.2,75,269.9,38.605737,0.0,,,
01:37:20.757,76.2,75,768.8,0.0,0.074972,,,
01:37:20.800,76.7,75,749.4,0.0,0.0427,,,
01:37:20.843,76.8,76,748.2,0.0,0.04277,,,
01:37:20.886,77.2,76,739.6,0.0,0.043264,,,
01:37:20.928,77.5,76,758.0,0.0,0.042215,,,
01:37:20.970,78.0,76,758.1,0.0,0.042209,,,
01:37:21.013,78.5,76,753.9,0.0,0.042445,,,
01:37:21.055,78.6,75,754.1,0.0,0.042436,,,
01:37:21.098,79.0,75,744.5,0.0,0.042983,,,
01:37:21.141,79.0,75,748.5,0.0,0.042753,,,
01:37:21.184,80.5,75,750.9,0.0,0.042616,,,
01:37:21.226,80.8,80,752.3,0.0,0.042538,,,
01:37:21.268,81.0,80,752.8,0.0,0.042506,,,
01:37:21.311,81.3,80,756.6,0.0,0.042295,,,
01:37:21.353,81.5,80,756.3,0.0,0.042312,,,
01:37:21.396,80.3,80,748.3,0.0,0.042765,,,
01:37:21.398,,,,,,True,1,
01:37:21.428,80.5,76,272.0,39.31924,0.0,,,
01:37:21.470,80.5,76,775.5,0.0,0.074355,,,
01:37:21.513,81.0,76,753.2,0.0,0.042487,,,
01:37:21.555,81.1,76,750.2,0.0,0.042658,,,
01:37:21.598,81.5,76,747.0,0.0,0.04284,,,
01:37:21.641,81.8,78,745.3,0.0,0.042934,,,
01:37:21.684,82.1,78,745.2,0.0,0.042942,,,
01:37:21.727,77.3,78,750.4,0.0,0.042644,,,
01:37:21.729,,,,,,True,1,
01:37:21.759,77.5,78,275.6,39.649642,0.0,,,
01:37:21.801,77.8,78,763.6,0.0,0.074559,,,
01:37:21.844,78.1,78,750.4,0.0,0.042642,,,
01:37:21.887,78.1,78,749.6,0.0,0.04269,,,
01:37:21.929,79.6,78,749.1,0.0,0.042716,,,
01:37:21.972,79.8,78,749.7,0.0,0.042683,,,
01:37:22.015,80.0,78,750.4,0.0,0.042644,,,
01:37:22.059,80.3,76,717.0,0.0,0.04463,,,
01:37:22.103,80.6,76,743.3,0.0,0.043049,,,
01:37:22.146,80.6,76,735.3,0.0,0.043519,,,
01:37:22.189,80.6,76,743.9,0.0,0.043015,,,
01:37:22.234,81.1,77,712.6,0.0,0.044905,,,
01:37:22.278,81.3,77,735.2,0.0,0.043525,,,
01:37:22.321,81.6,77,731.7,0.0,0.043735,,,
01:37:22.364,82.0,77,741.5,0.0,0.043155,,,
01:37:22.407,82.3,77,752.0,0.0,0.042552,,,
01:37:22.449,82.8,74,747.8,0.0,0.04279,,,
01:37:22.492,83.1,74,743.6,0.0,0.043035,,,
01:37:22.535,83.4,74,745.5,0.0,0.042925,,,
01:37:22.579,83.4,74,745.1,0.0,0.042944,,,
01:37:22.622,84.9,80,734.8,0.0,0.043552,,,
01:37:22.665,85.1,80,733.8,0.0,0.043609,,,
01:37:22.708,85.3,80,747.9,0.0,0.042787,,,
01:37:22.751,85.6,80,746.0,0.0,0.042893,,,
01:37:22.794,85.9,80,741.4,0.0,0.043164,,,
01:37:22.838,85.9,75,737.5,0.0,0.04339,,,
01:37:22.882,85.9,75,730.5,0.0,0.043806,,,
01:37:22.925,86.4,75,739.5,0.0,0.043275,,,
01:37:22.968,86.6,75,739.9,0.0,0.043249,,,
01:37:23.011,86.9,75,742.2,0.0,0.043116,,,
01:37:23.055,87.3,75,739.3,0.0,0.043282,,,
01:37:23.099,87.6,75,725.0,0.0,0.044139,,,
01:37:23.142,88.1,75,736.0,0.0,0.043477,,,
01:37:23.186,88.4,75,734.9,0.0,0.043544,,,
01:37:23.229,88.7,80,741.0,0.0,0.043185,,,
01:37:23.274,88.7,80,707.0,0.0,0.045262,,,
01:37:23.318,90.2,80,735.2,0.0,0.043523,,,
01:37:23.362,90.4,80,730.3,0.0,0.043816,,,
01:37:23.405,90.6,80,730.8,0.0,0.043789,,,
01:37:23.449,90.9,74,735.2,0.0,0.043524,,,
01:37:23.492,91.2,74,731.9,0.0,0.043719,,,
01:37:23.536,91.2,74,734.2,0.0,0.043582,,,
01:37:23.580,91.2,74,728.4,0.0,0.043933,,,
01:37:23.624,91.7,80,719.4,0.0,0.044481,,,
01:37:23.669,91.9,80,717.1,0.0,0.044622,,,
01:37:23.714,92.2,80,719.9,0.0,0.04445,,,
01:37:23.758,92.5,80,721.7,0.0,0.044338,,,
01:37:23.802,92.9,80,726.5,0.0,0.044046,,,
01:37:23.846,93.4,74,729.4,0.0,0.043874,,,
01:37:23.890,93.7,74,728.5,0.0,0.043928,,,
01:37:23.936,94.0,74,691.2,0.0,0.046295,,,
01:37:23.981,94.0,74,715.1,0.0,0.044748,,,
01:37:24.025,95.5,78,723.1,0.0,0.044253,,,
01:37:24.069,95.7,78,725.9,0.0,0.044084,,,
01:37:24.113,95.9,78,730.0,0.0,0.043833,,,
01:37:24.157,96.2,78,727.3,0.0,0.044001,,,
01:37:24.202,96.5,78,719.9,0.0,0.044448,,,
01:37:24.245,96.5,75,728.0,0.0,0.043957,,,
01:37:24.289,96.5,75,727.7,0.0,0.043972,,,
01:37:24.333,97.0,75,729.0,0.0,0.043898,,,
01:37:24.378,97.2,75,725.7,0.0,0.044098,,,
01:37:24.422,97.5,80,716.8,0.0,0.044644,,,
01:37:24.466,97.8,80,722.8,0.0,0.044272,,,
01:37:24.636,98.2,34,210.1,0.0,0.152332,,,
01:37:24.681,98.7,34,515.9,0.0,0.062032,,,
01:37:24.725,99.0,34,713.5,0.0,0.044851,,,
01:37:24.770,99.3,34,724.1,0.0,0.044192,,,
01:37:24.814,99.3,34,725.9,0.0,0.044085,,,
01:37:24.815,,,,,,,,39b24990b3df4ba58927dffa67d999db
01:37:24.816,,,,,,,,c44796fd07f446629492927a0fa2289b
01:37:24.860,99.0,69,654.7,0.0,0.045822,,,
01:37:24.903,99.2,69,683.5,0.0,0.043894,,,
01:37:24.947,94.0,69,683.2,0.0,0.043909,,,
01:37:24.950,,,,,,True,1,
01:37:24.950,,,,,,False,2,
01:37:24.999,96.0,69,3274.9,0.185534,0.0,,,
01:37:25.044,96.4,80,720.7,0.0,0.096312,,,
01:37:25.088,96.5,80,723.9,0.0,0.044206,,,
01:37:25.132,96.5,80,723.4,0.0,0.044233,,,
01:37:25.177,96.7,80,720.6,0.0,0.044406,,,
01:37:25.221,97.0,79,716.3,0.0,0.044675,,,
01:37:25.265,97.2,79,727.1,0.0,0.044009,,,
01:37:25.309,97.5,79,732.4,0.0,0.043693,,,
01:37:25.353,98.0,79,727.0,0.0,0.044019,,,
01:37:25.397,98.3,79,721.0,0.0,0.044384,,,
01:37:25.442,98.8,76,713.5,0.0,0.044852,,,
01:37:25.487,99.0,76,719.0,0.0,0.044507,,,
01:37:25.531,99.3,76,722.8,0.0,0.044271,,,
01:37:25.575,99.5,76,723.0,0.0,0.04426,,,
01:37:25.577,,,,,,,,fde729a672014734a2a63df968b301ff
01:37:25.577,,,,,,,,39b24990b3df4ba58927dffa67d999db
01:37:25.620,99.7,79,676.0,0.0,0.04438,,,
01:37:25.664,99.8,79,677.7,0.0,0.044265,,,
01:37:25.665,,,,,,,,c44796fd07f446629492927a0fa2289b
01:37:25.707,98.8,79,665.4,0.0,0.043585,,,
01:37:25.751,99.2,79,669.9,0.0,0.043293,,,
01:37:25.794,99.3,79,668.0,0.0,0.043411,,,
01:37:25.838,99.3,78,662.0,0.0,0.043809,,,
01:37:25.882,94.2,78,665.9,0.0,0.043553,,,
01:37:25.884,,,,,,True,1,
01:37:25.885,,,,,,False,3,
01:37:25.941,96.9,78,3752.5,0.277079,0.0,,,
01:37:25.985,97.2,78,722.1,0.0,0.103741,,,
01:37:26.030,97.4,82,721.4,0.0,0.044359,,,
01:37:26.073,97.7,82,728.5,0.0,0.043927,,,
01:37:26.118,98.0,82,724.1,0.0,0.044194,,,
01:37:26.162,98.3,82,723.5,0.0,0.044232,,,
01:37:26.206,99.0,82,724.9,0.0,0.044144,,,
01:37:26.251,99.2,76,717.2,0.0,0.044618,,,
01:37:26.296,99.7,76,704.1,0.0,0.045446,,,
01:37:26.342,99.7,76,706.3,0.0,0.045304,,,
01:37:26.344,,,,,,,,d819a9e6034a4fe188e65938e11973cc
01:37:26.344,,,,,,,,fde729a672014734a2a63df968b301ff
01:37:26.344,,,,,,,,39b24990b3df4ba58927dffa67d999db
01:37:26.387,99.2,76,636.2,0.0,0.045582,,,
01:37:26.431,99.3,78,659.2,0.0,0.043992,,,
01:37:26.475,99.5,78,657.4,0.0,0.044116,,,
01:37:26.519,100.0,78,660.2,0.0,0.043929,,,
01:37:26.520,,,,,,,,c44796fd07f446629492927a0fa2289b
01:37:26.563,98.8,78,636.8,0.0,0.043967,,,
01:37:26.606,98.8,78,643.9,0.0,0.043486,,,
01:37:26.650,98.8,76,647.0,0.0,0.043277,,,
01:37:26.693,99.2,76,638.8,0.0,0.043835,,,
01:37:26.738,99.3,76,640.0,0.0,0.043748,,,
01:37:26.781,99.7,76,641.1,0.0,0.043678,,,
01:37:26.783,,,,,,,,0265751197694f7a8457615868bc012d
01:37:26.825,98.5,81,618.3,0.0,0.043671,,,
01:37:26.868,67.1,81,620.2,0.0,0.043531,,,
01:37:26.871,,,,,,True,6,
01:37:26.871,,,,,,False,5,
01:37:26.982,72.8,81,4045.6,0.201648,0.0,,,
01:37:27.025,73.3,87,758.7,0.0,0.156621,,,
01:37:27.067,73.3,87,760.8,0.0,0.04206,,,
01:37:27.109,73.8,87,760.7,0.0,0.042067,,,
01:37:27.151,73.8,87,756.7,0.0,0.042289,,,
01:37:27.193,74.2,87,756.7,0.0,0.042291,,,
01:37:27.236,74.3,76,764.0,0.0,0.041886,,,
01:37:27.278,74.5,76,758.0,0.0,0.042219,,,
01:37:27.320,75.8,76,762.0,0.0,0.041995,,,
01:37:27.362,76.0,76,755.6,0.0,0.042349,,,
01:37:27.404,76.0,76,756.3,0.0,0.042309,,,
01:37:27.446,76.0,76,762.7,0.0,0.041955,,,
01:37:27.488,76.5,76,762.8,0.0,0.041953,,,
01:37:27.530,76.7,76,762.3,0.0,0.041979,,,
01:37:27.572,77.2,76,763.9,0.0,0.041891,,,
01:37:27.614,77.6,76,756.3,0.0,0.042312,,,
01:37:27.658,78.1,78,744.4,0.0,0.042988,,,
01:37:27.700,78.6,78,753.8,0.0,0.042452,,,
01:37:27.743,78.6,78,746.8,0.0,0.04285,,,
01:37:27.785,79.1,78,757.4,0.0,0.042247,,,
01:37:27.827,79.1,78,759.4,0.0,0.04214,,,
01:37:27.869,79.5,78,754.5,0.0,0.042414,,,
01:37:27.912,79.6,78,753.2,0.0,0.042485,,,
01:37:27.955,79.8,78,749.2,0.0,0.042713,,,
01:37:27.998,81.1,78,738.7,0.0,0.043319,,,
01:37:28.041,81.3,75,740.8,0.0,0.043197,,,
01:37:28.084,81.3,75,747.5,0.0,0.042811,,,
01:37:28.126,81.3,75,755.9,0.0,0.042332,,,
01:37:28.169,81.8,75,756.1,0.0,0.042321,,,
01:37:28.211,82.0,75,755.0,0.0,0.042383,,,
01:37:28.254,77.2,76,746.1,0.0,0.042889,,,
01:37:28.256,,,,,,True,1,
01:37:28.287,77.3,76,271.4,46.177302,0.0,,,
01:37:28.328,77.8,76,784.6,0.0,0.073949,,,
01:37:28.370,78.3,76,762.5,0.0,0.041968,,,
01:37:28.412,78.8,76,761.6,0.0,0.042015,,,
01:37:28.457,78.8,79,707.4,0.0,0.045238,,,
01:37:28.500,79.1,79,754.3,0.0,0.042421,,,
01:37:28.542,79.1,79,751.9,0.0,0.042557,,,
01:37:28.585,79.5,79,752.9,0.0,0.0425,,,
01:37:28.628,79.8,78,746.3,0.0,0.042877,,,
01:37:28.672,80.0,78,725.9,0.0,0.04408,,,
01:37:28.715,81.3,78,741.0,0.0,0.043183,,,
01:37:28.758,81.5,78,743.6,0.0,0.043032,,,
01:37:28.801,81.5,78,745.2,0.0,0.042943,,,
01:37:28.844,81.5,74,745.9,0.0,0.042902,,,
01:37:28.886,82.0,74,753.5,0.0,0.042467,,,
01:37:28.929,82.1,74,751.0,0.0,0.042608,,,
01:37:28.971,82.6,74,748.2,0.0,0.04277,,,
01:37:29.015,83.1,74,745.3,0.0,0.042935,,,
01:37:29.058,83.6,78,742.9,0.0,0.043072,,,
01:37:29.101,84.1,78,749.0,0.0,0.042726,,,
01:37:29.143,84.1,78,742.9,0.0,0.043074,,,
01:37:29.186,84.4,78,751.4,0.0,0.042589,,,
01:37:29.228,84.4,79,751.6,0.0,0.042578,,,
01:37:29.271,84.8,79,753.0,0.0,0.042495,,,
01:37:29.314,85.1,79,745.8,0.0,0.042908,,,
01:37:29.357,85.3,79,743.1,0.0,0.043061,,,
01:37:29.400,86.6,79,743.8,0.0,0.043023,,,
01:37:29.443,86.8,76,740.1,0.0,0.043236,,,
01:37:29.486,81.5,76,747.4,0.0,0.042813,,,
01:37:29.488,,,,,,True,1,
01:37:29.519,81.6,76,273.8,47.409019,0.0,,,
01:37:29.561,81.6,76,770.6,0.0,0.074403,,,
01:37:29.603,82.1,76,747.9,0.0,0.042784,,,
01:37:29.645,82.3,78,755.4,0.0,0.042364,,,
01:37:29.688,82.8,78,756.5,0.0,0.042302,,,
01:37:29.730,83.1,78,750.8,0.0,0.042619,,,
01:37:29.773,83.6,78,749.5,0.0,0.042696,,,
01:37:29.818,84.1,79,749.5,0.0,0.042696,,,
01:37:29.861,83.4,79,708.2,0.0,0.045184,,,
01:37:29.863,,,,,,True,1,
01:37:29.894,83.6,79,272.6,47.78419,0.0,,,
01:37:29.936,83.9,79,763.8,0.0,0.074914,,,
01:37:29.980,83.9,79,738.5,0.0,0.043334,,,
01:37:30.022,84.3,78,741.6,0.0,0.043149,,,
01:37:30.065,84.6,78,746.0,0.0,0.042898,,,
01:37:30.108,84.8,78,748.1,0.0,0.042774,,,
01:37:30.152,85.9,78,738.1,0.0,0.043352,,,
01:37:30.195,86.1,78,744.7,0.0,0.042968,,,
01:37:30.240,86.3,75,716.0,0.0,0.04469,,,
01:37:30.283,86.3,75,726.7,0.0,0.044033,,,
01:37:30.327,81.8,75,736.0,0.0,0.043477,,,
01:37:30.329,,,,,,True,1,
01:37:30.360,82.0,75,271.3,48.249922,0.0,,,
01:37:30.402,82.1,75,758.7,0.0,0.075353,,,
01:37:30.445,82.6,76,746.3,0.0,0.042878,,,
01:37:30.488,82.9,76,748.7,0.0,0.04274,,,
01:37:30.530,83.4,76,757.1,0.0,0.042264,,,
01:37:30.569,83.9,76,799.6,0.0,0.040018,,,
01:37:30.612,79.1,76,773.5,0.0,0.041371,,,
01:37:30.614,,,,,,True,1,
01:37:30.647,79.3,79,250.3,48.537302,0.0,,,
01:37:30.688,79.6,79,777.3,0.0,0.077119,,,
01:37:30.731,79.8,79,753.7,0.0,0.042456,,,
01:37:30.773,80.0,79,748.6,0.0,0.042744,,,
01:37:30.818,80.3,79,755.5,0.0,0.042355,,,
01:37:30.860,80.5,79,719.2,0.0,0.044493,,,
01:37:30.903,81.6,79,750.9,0.0,0.042615,,,
01:37:30.946,81.6,79,751.1,0.0,0.042603,,,
01:37:30.988,76.7,79,753.5,0.0,0.042469,,,
01:37:30.990,,,,,,True,1,
01:37:31.020,76.8,77,274.8,48.910937,0.0,,,
01:37:31.062,76.8,77,782.2,0.0,0.073661,,,
01:37:31.104,77.3,77,761.1,0.0,0.042047,,,
01:37:31.146,77.5,77,756.6,0.0,0.042295,,,
01:37:31.188,78.0,77,761.4,0.0,0.04203,,,
01:37:31.230,78.1,78,763.0,0.0,0.04194,,,
01:37:31.272,78.6,78,759.7,0.0,0.042124,,,
01:37:31.315,79.1,78,756.9,0.0,0.042278,,,
01:37:31.357,79.5,78,748.8,0.0,0.042732,,,
01:37:31.400,79.8,78,749.0,0.0,0.042725,,,
01:37:31.442,80.0,76,751.0,0.0,0.04261,,,
01:37:31.485,80.1,76,756.4,0.0,0.042307,,,
01:37:31.527,80.5,76,756.7,0.0,0.042287,,,
01:37:31.569,80.6,76,756.3,0.0,0.042312,,,
01:37:31.612,76.5,76,747.7,0.0,0.042799,,,
01:37:31.615,,,,,,True,1,
01:37:31.646,76.7,77,260.9,49.536791,0.0,,,
01:37:31.688,76.7,77,778.2,0.0,0.075617,,,
01:37:31.730,77.0,77,763.2,0.0,0.041928,,,
01:37:31.772,77.0,77,754.5,0.0,0.042414,,,
01:37:31.818,77.5,78,756.3,0.0,0.042313,,,
01:37:31.860,77.5,78,707.7,0.0,0.045219,,,
01:37:31.902,78.0,78,755.8,0.0,0.042338,,,
01:37:31.944,78.1,78,753.7,0.0,0.042458,,,
01:37:31.987,78.8,78,757.1,0.0,0.042266,,,
01:37:32.029,79.3,77,754.1,0.0,0.042437,,,
01:37:32.072,79.6,77,748.8,0.0,0.042734,,,
01:37:32.113,80.0,77,775.6,0.0,0.041256,,,
01:37:32.154,80.1,77,781.3,0.0,0.040959,,,
01:37:32.197,80.3,77,744.3,0.0,0.042992,,,
01:37:32.240,80.6,77,751.5,0.0,0.04258,,,
01:37:32.282,77.8,77,754.1,0.0,0.042433,,,
01:37:32.284,,,,,,True,1,
01:37:32.314,78.0,77,276.3,50.204789,0.0,,,
01:37:32.356,79.1,77,773.6,0.0,0.073932,,,
01:37:32.399,79.1,77,753.7,0.0,0.042456,,,
01:37:32.441,79.5,78,748.5,0.0,0.04275,,,
01:37:32.483,79.5,78,759.1,0.0,0.042157,,,
01:37:32.526,79.8,78,759.4,0.0,0.042141,,,
01:37:32.568,79.8,78,757.9,0.0,0.042224,,,
01:37:32.610,80.3,78,755.3,0.0,0.042365,,,
01:37:32.656,80.6,77,701.9,0.0,0.04559,,,
01:37:32.699,81.3,77,747.9,0.0,0.042788,,,
01:37:32.741,81.8,77,747.2,0.0,0.042829,,,
01:37:32.784,82.1,77,752.5,0.0,0.042525,,,
01:37:32.826,82.5,79,754.5,0.0,0.042411,,,
01:37:32.869,82.6,79,755.5,0.0,0.042356,,,
01:37:32.912,82.0,79,750.7,0.0,0.042629,,,
01:37:32.914,,,,,,True,1,
01:37:32.944,82.1,79,269.9,50.834704,0.0,,,
01:37:32.986,82.5,79,775.4,0.0,0.07462,,,
01:37:33.029,82.6,78,747.6,0.0,0.042801,,,
01:37:33.071,83.8,78,750.3,0.0,0.042649,,,
01:37:33.115,83.1,78,744.6,0.0,0.042974,,,
01:37:33.117,,,,,,True,1,
01:37:33.147,83.3,78,271.0,51.037585,0.0,,,
01:37:33.189,83.6,78,770.1,0.0,0.074756,,,
01:37:33.232,78.3,78,745.9,0.0,0.042901,,,
01:37:33.234,,,,,,True,1,
01:37:33.264,78.5,78,273.9,51.154876,0.0,,,
01:37:33.306,78.8,78,783.4,0.0,0.073707,,,
01:37:33.348,74.8,78,755.6,0.0,0.04235,,,
01:37:33.350,,,,,,True,1,
01:37:33.380,75.0,78,275.4,51.270738,0.0,,,
01:37:33.422,75.3,80,780.7,0.0,0.073668,,,
01:37:33.464,75.7,80,756.3,0.0,0.042313,,,
01:37:33.506,76.2,80,759.6,0.0,0.042126,,,
01:37:33.548,76.8,80,763.4,0.0,0.041919,,,
01:37:33.590,71.7,80,759.0,0.0,0.042163,,,
01:37:33.593,,,,,,True,1,
01:37:33.623,71.9,76,270.1,51.513549,0.0,,,
01:37:33.665,72.4,76,777.1,0.0,0.074501,,,
01:37:33.708,71.2,76,746.9,0.0,0.042842,,,
01:37:33.710,,,,,,True,1,
01:37:33.740,71.4,76,271.5,51.630705,0.0,,,
01:37:33.781,71.7,76,788.3,0.0,0.073742,,,
01:37:33.823,72.0,79,759.0,0.0,0.04216,,,
01:37:33.865,72.0,79,767.7,0.0,0.041682,,,
01:37:33.907,73.2,79,763.1,0.0,0.041933,,,
01:37:33.949,71.7,79,760.9,0.0,0.042056,,,
01:37:33.952,,,,,,True,1,
01:37:33.982,71.9,79,271.9,51.872214,0.0,,,
01:37:34.023,72.4,78,787.4,0.0,0.073743,,,
01:37:34.065,72.4,78,766.2,0.0,0.041767,,,
01:37:34.106,72.8,78,767.2,0.0,0.041709,,,
01:37:34.148,73.0,78,764.7,0.0,0.041847,,,
01:37:34.191,68.0,78,752.6,0.0,0.04252,,,
01:37:34.193,,,,,,True,1,
01:37:34.223,68.2,76,272.3,52.113731,0.0,,,
01:37:34.264,68.5,76,799.3,0.0,0.073087,,,
01:37:34.305,69.0,76,772.4,0.0,0.041431,,,
01:37:34.347,69.9,76,773.8,0.0,0.041356,,,
01:37:34.388,69.9,76,768.8,0.0,0.041625,,,
01:37:34.430,70.2,79,774.1,0.0,0.041337,,,
01:37:34.471,70.2,79,763.4,0.0,0.041917,,,
01:37:34.514,70.5,79,756.5,0.0,0.042302,,,
01:37:34.556,70.9,79,759.5,0.0,0.042135,,,
01:37:34.598,70.9,79,765.3,0.0,0.041816,,,
01:37:34.640,72.0,75,753.9,0.0,0.042444,,,
01:37:34.683,72.0,75,756.6,0.0,0.042296,,,
01:37:34.725,72.5,75,758.3,0.0,0.042198,,,
01:37:34.767,72.5,75,757.2,0.0,0.04226,,,
01:37:34.809,67.7,75,761.8,0.0,0.042008,,,
01:37:34.811,,,,,,True,1,
01:37:34.841,67.9,75,273.3,52.731802,0.0,,,
01:37:34.882,68.0,75,799.6,0.0,0.072951,,,
01:37:34.923,68.4,75,774.1,0.0,0.04134,,,
01:37:34.965,68.7,75,773.7,0.0,0.04136,,,
01:37:35.006,69.2,75,775.3,0.0,0.041273,,,
01:37:35.047,69.9,78,769.2,0.0,0.041603,,,
01:37:35.089,69.9,78,773.1,0.0,0.041393,,,
01:37:35.131,70.2,78,764.2,0.0,0.041875,,,
01:37:35.173,70.4,78,764.7,0.0,0.041847,,,
01:37:35.217,70.7,79,763.8,0.0,0.041898,,,
01:37:35.258,71.0,79,736.1,0.0,0.04347,,,
01:37:35.300,71.0,79,768.6,0.0,0.041633,,,
01:37:35.341,72.2,79,773.7,0.0,0.041361,,,
01:37:35.382,72.2,79,772.3,0.0,0.041434,,,
01:37:35.424,72.7,77,766.8,0.0,0.041732,,,
01:37:35.466,72.7,77,766.0,0.0,0.041776,,,
01:37:35.508,73.2,77,766.7,0.0,0.041735,,,
01:37:35.550,73.3,77,761.2,0.0,0.042037,,,
01:37:35.593,73.7,77,750.5,0.0,0.042638,,,
01:37:35.635,74.0,75,756.1,0.0,0.04232,,,
01:37:35.677,74.5,75,758.1,0.0,0.042212,,,
01:37:35.719,75.2,75,756.8,0.0,0.042281,,,
01:37:35.761,75.2,75,765.8,0.0,0.041784,,,
01:37:35.803,75.5,75,766.5,0.0,0.041749,,,
01:37:35.844,75.7,76,765.3,0.0,0.041815,,,
01:37:35.886,76.0,76,765.0,0.0,0.04183,,,
01:37:35.928,76.3,76,764.3,0.0,0.04187,,,
01:37:35.971,76.3,76,753.1,0.0,0.042488,,,
01:37:36.016,77.5,78,754.5,0.0,0.04241,,,
01:37:36.059,77.5,78,704.8,0.0,0.045401,,,
01:37:36.101,78.0,78,758.2,0.0,0.042206,,,
01:37:36.143,78.0,78,760.0,0.0,0.042104,,,
01:37:36.185,78.5,78,762.8,0.0,0.041952,,,
01:37:36.227,78.6,77,762.7,0.0,0.041954,,,
01:37:36.271,79.0,77,722.4,0.0,0.044299,,,
01:37:36.316,79.3,77,712.5,0.0,0.044913,,,
01:37:36.359,79.8,77,746.2,0.0,0.042884,,,
01:37:36.401,80.5,77,756.1,0.0,0.042322,,,
01:37:36.443,80.5,74,757.1,0.0,0.042269,,,
01:37:36.486,80.8,74,757.1,0.0,0.042267,,,
01:37:36.528,81.0,74,756.6,0.0,0.042296,,,
01:37:36.570,81.3,74,755.7,0.0,0.042344,,,
01:37:36.616,81.6,79,754.9,0.0,0.04239,,,
01:37:36.659,81.6,79,690.4,0.0,0.046351,,,
01:37:36.702,82.8,79,746.7,0.0,0.042853,,,
01:37:36.744,82.8,79,754.3,0.0,0.042425,,,
01:37:36.787,83.3,79,755.6,0.0,0.042351,,,
01:37:36.829,74.2,77,748.9,0.0,0.042728,,,
01:37:36.832,,,,,,True,2,
01:37:36.866,74.5,77,478.4,54.756907,0.0,,,
01:37:36.908,75.0,77,781.7,0.0,0.078567,,,
01:37:36.951,75.2,77,758.0,0.0,0.042217,,,
01:37:36.993,75.5,77,750.7,0.0,0.042625,,,
01:37:37.035,75.8,75,755.7,0.0,0.042344,,,
01:37:37.078,76.2,75,758.5,0.0,0.042189,,,
01:37:37.120,76.8,75,755.0,0.0,0.042386,,,
01:37:37.162,76.8,75,763.3,0.0,0.041924,,,
01:37:37.204,77.3,75,759.7,0.0,0.04212,,,
01:37:37.246,77.5,76,763.7,0.0,0.041902,,,
01:37:37.288,77.8,76,758.2,0.0,0.042206,,,
01:37:37.330,78.1,76,759.0,0.0,0.042163,,,
01:37:37.373,78.1,76,754.3,0.0,0.042423,,,
01:37:37.416,79.3,79,748.7,0.0,0.042743,,,
01:37:37.459,74.0,79,736.1,0.0,0.043474,,,
01:37:37.461,,,,,,True,1,
01:37:37.491,74.2,79,274.6,55.381292,0.0,,,
01:37:37.533,74.7,79,782.2,0.0,0.073685,,,
01:37:37.575,74.7,79,758.7,0.0,0.042179,,,
01:37:37.617,75.2,78,762.8,0.0,0.041949,,,
01:37:37.659,75.3,78,758.5,0.0,0.042186,,,
01:37:37.701,75.5,78,762.2,0.0,0.041982,,,
01:37:37.742,75.8,78,766.5,0.0,0.041746,,,
01:37:37.784,76.2,78,760.9,0.0,0.042057,,,
01:37:37.826,77.0,77,764.9,0.0,0.041836,,,
01:37:37.868,77.0,77,765.7,0.0,0.041794,,,
01:37:37.910,77.5,77,756.0,0.0,0.042329,,,
01:37:37.953,77.6,77,749.9,0.0,0.042674,,,
01:37:37.996,78.0,77,751.8,0.0,0.042562,,,
01:37:38.038,76.3,75,752.2,0.0,0.04254,,,
01:37:38.041,,,,,,True,1,
01:37:38.070,76.5,75,275.1,55.960741,0.0,,,
01:37:38.112,76.5,75,781.1,0.0,0.073689,,,
01:37:38.155,77.6,75,750.9,0.0,0.042616,,,
01:37:38.197,77.6,75,749.8,0.0,0.042678,,,
01:37:38.239,78.0,78,757.5,0.0,0.042245,,,
01:37:38.281,78.0,78,760.7,0.0,0.042068,,,
01:37:38.323,78.5,78,762.3,0.0,0.041979,,,
01:37:38.365,78.6,78,761.6,0.0,0.042017,,,
01:37:38.408,79.0,78,760.0,0.0,0.042103,,,
01:37:38.450,79.3,77,750.9,0.0,0.042616,,,
01:37:38.493,79.6,77,753.7,0.0,0.042457,,,
01:37:38.536,75.2,77,747.3,0.0,0.042819,,,
01:37:38.538,,,,,,True,1,
01:37:38.568,75.3,77,273.7,56.458176,0.0,,,
01:37:38.609,75.3,77,786.6,0.0,0.073565,,,
01:37:38.656,75.8,79,687.4,0.0,0.046549,,,
01:37:38.699,76.0,79,738.6,0.0,0.043322,,,
01:37:38.742,76.3,79,744.7,0.0,0.04297,,,
01:37:38.785,76.5,79,746.6,0.0,0.042859,,,
01:37:38.826,76.5,76,768.7,0.0,0.041631,,,
01:37:38.867,77.6,76,789.9,0.0,0.040514,,,
01:37:38.909,77.8,76,765.9,0.0,0.041781,,,
01:37:38.952,78.1,76,739.0,0.0,0.043303,,,
01:37:38.996,78.1,76,735.2,0.0,0.043525,,,
01:37:39.039,76.8,76,737.7,0.0,0.04338,,,
01:37:39.042,,,,,,True,1,
01:37:39.073,77.0,76,259.2,56.963397,0.0,,,
01:37:39.116,77.2,76,753.4,0.0,0.077196,,,
01:37:39.160,77.5,76,733.7,0.0,0.043614,,,
01:37:39.203,77.8,76,740.3,0.0,0.043226,,,
01:37:39.246,72.7,75,743.6,0.0,0.043034,,,
01:37:39.249,,,,,,True,1,
01:37:39.279,72.8,75,267.0,57.16943,0.0,,,
01:37:39.321,73.7,75,783.1,0.0,0.074569,,,
01:37:39.363,73.7,75,761.5,0.0,0.042021,,,
01:37:39.404,74.2,75,763.6,0.0,0.041904,,,
01:37:39.446,74.5,77,761.4,0.0,0.042028,,,
01:37:39.489,74.7,77,752.5,0.0,0.042526,,,
01:37:39.532,74.8,77,752.9,0.0,0.042502,,,
01:37:39.574,74.8,77,755.6,0.0,0.042348,,,
01:37:39.616,76.2,80,760.1,0.0,0.0421,,,
01:37:39.660,76.3,80,731.4,0.0,0.043753,,,
01:37:39.702,76.7,80,754.4,0.0,0.042416,,,
01:37:39.744,76.7,80,761.4,0.0,0.042025,,,
01:37:39.786,77.2,80,758.6,0.0,0.042185,,,
01:37:39.828,77.3,76,759.9,0.0,0.042112,,,
01:37:39.871,77.6,76,751.9,0.0,0.042561,,,
01:37:39.914,78.0,76,746.1,0.0,0.042887,,,
01:37:39.958,78.1,76,742.4,0.0,0.043105,,,
01:37:40.000,79.0,76,740.6,0.0,0.043205,,,
01:37:40.043,79.0,75,753.6,0.0,0.042461,,,
01:37:40.085,79.5,75,753.2,0.0,0.042485,,,
01:37:40.124,79.8,75,798.0,0.0,0.040101,,,
01:37:40.165,80.0,75,789.7,0.0,0.040519,,,
01:37:40.208,80.1,75,759.8,0.0,0.042116,,,
01:37:40.254,80.1,79,694.0,0.0,0.046109,,,
01:37:40.298,81.5,79,735.5,0.0,0.043508,,,
01:37:40.341,81.6,79,743.3,0.0,0.04305,,,
01:37:40.383,82.0,79,756.6,0.0,0.042293,,,
01:37:40.425,82.0,78,755.5,0.0,0.042358,,,
01:37:40.468,82.5,78,753.9,0.0,0.042445,,,
01:37:40.511,81.8,78,743.6,0.0,0.043031,,,
01:37:40.513,,,,,,True,1,
01:37:40.543,82.0,78,271.0,58.433645,0.0,,,
01:37:40.585,82.3,78,779.3,0.0,0.074277,,,
01:37:40.627,82.6,78,756.7,0.0,0.042288,,,
01:37:40.670,82.8,78,746.7,0.0,0.042854,,,
01:37:40.713,83.4,78,744.1,0.0,0.043003,,,
01:37:40.756,83.4,78,744.1,0.0,0.043005,,,
01:37:40.799,78.6,78,740.2,0.0,0.043231,,,
01:37:40.802,,,,,,True,1,
01:37:40.832,78.8,75,276.3,58.721646,0.0,,,
01:37:40.874,79.1,75,768.2,0.0,0.074227,,,
01:37:40.917,79.5,75,748.3,0.0,0.042764,,,
01:37:40.959,79.6,75,745.2,0.0,0.04294,,,
01:37:41.002,79.6,75,755.7,0.0,0.042345,,,
01:37:41.044,80.8,77,754.1,0.0,0.042435,,,
01:37:41.087,81.0,77,747.1,0.0,0.042835,,,
01:37:41.129,81.3,77,751.4,0.0,0.042585,,,
01:37:41.172,81.5,77,752.3,0.0,0.042534,,,
01:37:41.215,76.7,80,746.2,0.0,0.042884,,,
01:37:41.217,,,,,,True,1,
01:37:41.247,76.8,80,272.7,59.137604,0.0,,,
01:37:41.289,77.0,80,779.0,0.0,0.074078,,,
01:37:41.331,77.3,80,758.1,0.0,0.042212,,,
01:37:41.374,77.6,80,756.8,0.0,0.042285,,,
01:37:41.416,77.8,78,759.3,0.0,0.042141,,,
01:37:41.458,78.3,78,753.2,0.0,0.042487,,,
01:37:41.500,78.3,78,761.8,0.0,0.042003,,,
01:37:41.542,78.8,78,758.6,0.0,0.042182,,,
01:37:41.584,79.3,78,760.3,0.0,0.042089,,,
01:37:41.626,79.6,77,761.1,0.0,0.042043,,,
01:37:41.669,79.8,77,756.4,0.0,0.042308,,,
01:37:41.711,79.8,77,754.0,0.0,0.042442,,,
01:37:41.754,81.0,77,743.0,0.0,0.043072,,,
01:37:41.797,81.1,77,750.3,0.0,0.042647,,,
01:37:41.839,81.5,76,757.2,0.0,0.042263,,,
01:37:41.881,81.6,76,757.6,0.0,0.042239,,,
01:37:41.924,77.5,76,752.2,0.0,0.04254,,,
01:37:41.926,,,,,,True,1,
01:37:41.957,77.6,76,273.2,59.846566,0.0,,,
01:37:41.999,77.8,76,767.7,0.0,0.074632,,,
01:37:42.041,78.1,78,755.3,0.0,0.042365,,,
01:37:42.083,74.7,78,757.8,0.0,0.042225,,,
01:37:42.086,,,,,,True,1,
01:37:42.116,74.8,78,275.3,60.005517,0.0,,,
01:37:42.157,74.8,78,780.0,0.0,0.073721,,,
01:37:42.199,75.3,78,760.7,0.0,0.042066,,,
01:37:42.241,75.3,78,763.7,0.0,0.041904,,,
01:37:42.283,70.5,78,763.2,0.0,0.041927,,,
01:37:42.285,,,,,,True,1,
01:37:42.315,70.7,78,276.0,60.205002,0.0,,,
01:37:42.356,71.4,78,787.7,0.0,0.073229,,,
01:37:42.398,71.7,78,767.0,0.0,0.041722,,,
01:37:42.439,71.9,78,767.5,0.0,0.041696,,,
01:37:42.481,66.7,78,768.1,0.0,0.04166,,,
01:37:42.483,,,,,,True,1,
01:37:42.514,66.9,78,274.4,60.403488,0.0,,,
01:37:42.554,67.9,78,793.5,0.0,0.073132,,,
01:37:42.596,68.0,78,771.5,0.0,0.041477,,,
01:37:42.637,68.4,78,771.1,0.0,0.041501,,,
01:37:42.679,68.7,78,773.1,0.0,0.04139,,,
01:37:42.720,63.6,78,773.9,0.0,0.041347,,,
01:37:42.722,,,,,,True,1,
01:37:42.752,63.7,78,275.3,60.642209,0.0,,,
01:37:42.792,63.9,78,807.2,0.0,0.072334,,,
01:37:42.832,64.2,79,808.1,0.0,0.039598,,,
01:37:42.873,64.7,79,774.9,0.0,0.041296,,,
01:37:42.916,64.7,79,755.1,0.0,0.042377,,,
01:37:42.958,65.1,79,762.4,0.0,0.04197,,,
01:37:42.999,65.1,79,765.7,0.0,0.041791,,,
01:37:43.041,65.6,74,772.4,0.0,0.04143,,,
01:37:43.082,66.4,74,777.3,0.0,0.041168,,,
01:37:43.123,66.7,74,779.8,0.0,0.041035,,,
01:37:43.164,66.9,74,781.4,0.0,0.040951,,,
01:37:43.205,63.2,74,779.6,0.0,0.041045,,,
01:37:43.207,,,,,,True,1,
01:37:43.237,63.4,77,276.0,61.127098,0.0,,,
01:37:43.277,64.2,77,809.5,0.0,0.07214,,,
01:37:43.318,64.4,77,787.1,0.0,0.040653,,,
01:37:43.358,64.7,77,787.6,0.0,0.040631,,,
01:37:43.399,65.1,77,783.2,0.0,0.04086,,,
01:37:43.440,65.2,79,777.9,0.0,0.041137,,,
01:37:43.481,65.1,79,779.9,0.0,0.041029,,,
01:37:43.484,,,,,,True,1,
01:37:43.514,65.2,79,274.9,61.403662,0.0,,,
01:37:43.555,64.1,79,794.4,0.0,0.073022,,,
01:37:43.557,,,,,,True,1,
01:37:43.587,64.2,79,274.5,61.476714,0.0,,,
01:37:43.628,64.7,80,789.9,0.0,0.0733,,,
01:37:43.670,64.2,80,756.4,0.0,0.042305,,,
01:37:43.673,,,,,,True,1,
01:37:43.703,64.4,80,265.2,61.593444,0.0,,,
01:37:43.744,64.7,80,797.5,0.0,0.074058,,,
01:37:43.785,64.7,80,775.0,0.0,0.041292,,,
01:37:43.827,65.2,76,773.6,0.0,0.041363,,,
01:37:43.868,65.1,76,776.2,0.0,0.041229,,,
01:37:43.870,,,,,,True,1,
01:37:43.900,65.2,76,272.3,61.790495,0.0,,,
01:37:43.941,65.6,76,804.6,0.0,0.072826,,,
01:37:43.982,65.9,76,775.0,0.0,0.041288,,,
01:37:44.023,66.1,78,776.5,0.0,0.041212,,,
01:37:44.064,67.1,78,779.1,0.0,0.041071,,,
01:37:44.105,67.2,78,778.3,0.0,0.041116,,,
01:37:44.147,67.5,78,778.2,0.0,0.041123,,,
01:37:44.188,67.9,78,769.4,0.0,0.041589,,,
01:37:44.230,68.2,76,773.5,0.0,0.041371,,,
01:37:44.272,68.4,76,763.2,0.0,0.041928,,,
01:37:44.313,68.2,76,766.1,0.0,0.041773,,,
01:37:44.316,,,,,,True,1,
01:37:44.346,68.4,76,274.1,62.235558,0.0,,,
01:37:44.386,68.7,76,799.6,0.0,0.07286,,,
01:37:44.427,68.7,78,772.2,0.0,0.041441,,,
01:37:44.469,69.0,78,767.0,0.0,0.041723,,,
01:37:44.511,69.0,78,764.9,0.0,0.041835,,,
01:37:44.553,69.5,78,766.3,0.0,0.041757,,,
01:37:44.595,70.2,78,767.6,0.0,0.041691,,,
01:37:44.636,70.5,75,766.7,0.0,0.041737,,,
01:37:44.678,71.0,75,769.8,0.0,0.041567,,,
01:37:44.720,71.2,75,766.9,0.0,0.041725,,,
01:37:44.761,72.2,75,767.0,0.0,0.04172,,,
01:37:44.803,72.4,75,768.1,0.0,0.041662,,,
01:37:44.845,67.4,76,765.2,0.0,0.04182,,,
01:37:44.847,,,,,,True,1,
01:37:44.877,67.5,76,274.0,62.767083,0.0,,,
01:37:44.918,67.9,76,798.9,0.0,0.0729,,,
01:37:44.959,68.2,76,769.2,0.0,0.041601,,,
01:37:45.001,68.4,76,769.6,0.0,0.041578,,,
01:37:45.042,68.5,78,771.2,0.0,0.041495,,,
01:37:45.084,68.7,78,765.5,0.0,0.041804,,,
01:37:45.125,68.7,78,772.9,0.0,0.041402,,,
01:37:45.168,69.0,78,759.2,0.0,0.042152,,,
01:37:45.210,69.2,78,767.2,0.0,0.041709,,,
01:37:45.252,69.7,78,759.0,0.0,0.042159,,,
01:37:45.294,70.4,78,759.4,0.0,0.042141,,,
01:37:45.336,70.7,78,764.1,0.0,0.041881,,,
01:37:45.377,71.2,78,769.1,0.0,0.041607,,,
01:37:45.419,71.4,79,768.0,0.0,0.041667,,,
01:37:45.461,72.4,79,769.0,0.0,0.041614,,,
01:37:45.502,72.5,79,765.6,0.0,0.041798,,,
01:37:45.544,72.8,79,766.8,0.0,0.041734,,,
01:37:45.586,73.2,79,757.4,0.0,0.042251,,,
01:37:45.629,73.5,76,751.6,0.0,0.042577,,,
01:37:45.672,73.7,76,755.1,0.0,0.042378,,,
01:37:45.714,73.8,76,753.1,0.0,0.042489,,,
01:37:45.756,74.0,76,757.0,0.0,0.04227,,,
01:37:45.798,74.0,76,759.5,0.0,0.042135,,,
01:37:45.840,74.3,75,760.4,0.0,0.042082,,,
01:37:45.882,74.5,75,763.6,0.0,0.041905,,,
01:37:45.924,75.0,75,764.4,0.0,0.041861,,,
01:37:45.966,75.7,75,762.5,0.0,0.041967,,,
01:37:46.008,76.0,75,753.6,0.0,0.042461,,,
01:37:46.051,76.5,78,750.4,0.0,0.042644,,,
01:37:46.094,73.7,78,749.7,0.0,0.042685,,,
01:37:46.096,,,,,,True,1,
01:37:46.126,73.8,78,271.6,64.016297,0.0,,,
01:37:46.168,74.8,78,784.1,0.0,0.073944,,,
01:37:46.213,75.0,78,760.6,0.0,0.04207,,,
01:37:46.257,75.3,78,677.6,0.0,0.047227,,,
01:37:46.299,75.7,78,754.1,0.0,0.042435,,,
01:37:46.342,76.0,78,756.9,0.0,0.042278,,,
01:37:46.384,76.2,78,756.3,0.0,0.042311,,,
01:37:46.426,76.3,76,760.2,0.0,0.042093,,,
01:37:46.468,76.7,76,757.6,0.0,0.04224,,,
01:37:46.511,76.7,76,757.5,0.0,0.042245,,,
01:37:46.553,77.0,76,760.2,0.0,0.042092,,,
01:37:46.595,77.2,76,758.7,0.0,0.042177,,,
01:37:46.637,77.6,76,750.0,0.0,0.042668,,,
01:37:46.680,78.3,76,755.9,0.0,0.042335,,,
01:37:46.722,78.6,76,751.7,0.0,0.042571,,,
01:37:46.765,79.0,76,755.9,0.0,0.042333,,,
01:37:46.807,79.1,76,754.7,0.0,0.042399,,,
01:37:46.851,80.1,77,726.4,0.0,0.044054,,,
01:37:46.894,80.3,77,744.9,0.0,0.042957,,,
01:37:46.937,80.6,77,747.3,0.0,0.042822,,,
01:37:46.980,81.0,77,747.5,0.0,0.042811,,,
01:37:47.023,81.3,78,746.5,0.0,0.042869,,,
01:37:47.065,81.5,78,749.7,0.0,0.042685,,,
01:37:47.109,81.6,78,743.0,0.0,0.043071,,,
01:37:47.152,82.0,78,737.7,0.0,0.043378,,,
01:37:47.195,82.0,78,745.4,0.0,0.042929,,,
01:37:47.238,82.3,75,744.4,0.0,0.04299,,,
01:37:47.280,82.5,75,754.0,0.0,0.042442,,,
01:37:47.322,82.9,75,754.3,0.0,0.042424,,,
01:37:47.365,83.6,75,752.3,0.0,0.042537,,,
01:37:47.408,83.9,75,747.0,0.0,0.042838,,,
01:37:47.452,84.3,78,732.5,0.0,0.043688,,,
01:37:47.495,84.4,78,746.6,0.0,0.042864,,,
01:37:47.538,85.4,78,740.6,0.0,0.043211,,,
01:37:47.580,85.6,78,751.6,0.0,0.042575,,,
01:37:47.623,85.9,79,751.1,0.0,0.042602,,,
01:37:47.666,86.3,79,749.5,0.0,0.042693,,,
01:37:47.710,86.6,79,735.1,0.0,0.043534,,,
01:37:47.753,86.8,79,734.2,0.0,0.043582,,,
01:37:47.796,86.9,79,742.8,0.0,0.043082,,,
01:37:47.838,87.3,75,749.2,0.0,0.042713,,,
01:37:47.882,87.3,75,741.4,0.0,0.04316,,,
01:37:47.925,87.6,75,743.1,0.0,0.043063,,,
01:37:47.969,87.7,75,730.5,0.0,0.043808,,,
01:37:48.013,84.8,79,717.8,0.0,0.044578,,,
01:37:48.016,,,,,,True,1,
01:37:48.046,84.9,79,269.4,65.935932,0.0,,,
01:37:48.089,85.6,79,755.0,0.0,0.075797,,,
01:37:48.133,85.9,79,736.2,0.0,0.043468,,,
01:37:48.176,86.3,79,741.4,0.0,0.043163,,,
01:37:48.218,82.8,78,745.9,0.0,0.0429,,,
01:37:48.221,,,,,,True,1,
01:37:48.251,82.9,78,276.2,66.140413,0.0,,,
01:37:48.293,83.9,78,767.9,0.0,0.074253,,,
01:37:48.336,84.1,78,743.5,0.0,0.043039,,,
01:37:48.378,84.4,78,751.6,0.0,0.042576,,,
01:37:48.421,84.9,78,753.6,0.0,0.042465,,,
01:37:48.463,85.1,78,750.0,0.0,0.042668,,,
01:37:48.506,85.3,78,745.6,0.0,0.042918,,,
01:37:48.667,85.4,53,198.8,0.0,0.160954,,,
01:37:48.711,85.9,53,729.4,0.0,0.043874,,,
01:37:48.755,85.9,53,733.3,0.0,0.043636,,,
01:37:48.798,86.3,53,739.4,0.0,0.043278,,,
01:37:48.841,86.4,53,741.3,0.0,0.043169,,,
01:37:48.884,86.9,53,743.3,0.0,0.043049,,,
01:37:48.927,87.6,53,740.9,0.0,0.04319,,,
01:37:48.971,87.7,53,732.8,0.0,0.043666,,,
01:37:49.015,88.1,80,736.3,0.0,0.043459,,,
01:37:49.058,88.2,80,736.2,0.0,0.043464,,,
01:37:49.101,89.2,80,737.9,0.0,0.043366,,,
01:37:49.145,84.1,80,733.5,0.0,0.043629,,,
01:37:49.148,,,,,,True,1,
01:37:49.179,84.3,80,265.1,67.068417,0.0,,,
01:37:49.221,84.6,77,758.3,0.0,0.076153,,,
01:37:49.264,85.1,77,744.8,0.0,0.042964,,,
01:37:49.307,85.3,77,745.9,0.0,0.0429,,,
01:37:49.351,85.4,77,742.2,0.0,0.043115,,,
01:37:49.394,85.4,77,740.9,0.0,0.043191,,,
01:37:49.437,85.9,75,731.7,0.0,0.043735,,,
01:37:49.480,85.9,75,748.5,0.0,0.042753,,,
01:37:49.523,86.4,75,746.3,0.0,0.042876,,,
01:37:49.566,86.6,75,745.7,0.0,0.042913,,,
01:37:49.612,65.9,78,736.4,0.0,0.043453,,,
01:37:49.615,,,,,,True,4,
01:37:49.655,66.6,78,787.2,67.544233,0.0,,,
01:37:49.696,65.4,78,785.1,0.0,0.086492,,,
01:37:49.698,,,,,,True,1,
01:37:49.728,65.6,78,277.0,67.617412,0.0,,,
01:37:49.769,65.7,78,792.7,0.0,0.072857,,,
01:37:49.812,66.1,74,769.4,0.0,0.041589,,,
01:37:49.853,66.2,74,742.9,0.0,0.043076,,,
01:37:49.895,66.6,74,767.0,0.0,0.04172,,,
01:37:49.936,66.7,74,774.5,0.0,0.041315,,,
01:37:49.977,67.1,74,775.6,0.0,0.041258,,,
01:37:50.019,68.0,77,772.5,0.0,0.041425,,,
01:37:50.060,68.4,77,769.2,0.0,0.041603,,,
01:37:50.102,68.5,77,768.6,0.0,0.041636,,,
01:37:50.144,68.5,77,769.5,0.0,0.041583,,,
01:37:50.186,69.0,77,760.4,0.0,0.042082,,,
01:37:50.229,69.0,75,754.4,0.0,0.042417,,,
01:37:50.272,69.5,75,742.9,0.0,0.043075,,,
01:37:50.314,69.7,75,753.5,0.0,0.042466,,,
01:37:50.356,70.2,75,755.3,0.0,0.042368,,,
01:37:50.398,70.9,75,771.1,0.0,0.0415,,,
01:37:50.439,71.0,74,770.2,0.0,0.041546,,,
01:37:50.480,71.4,74,772.1,0.0,0.041448,,,
01:37:50.522,71.5,74,772.7,0.0,0.041411,,,
01:37:50.563,71.9,74,772.4,0.0,0.04143,,,
01:37:50.605,72.0,74,765.5,0.0,0.041801,,,
01:37:50.649,72.4,77,727.7,0.0,0.043976,,,
01:37:50.692,73.3,77,752.2,0.0,0.042543,,,
01:37:50.734,73.7,77,753.8,0.0,0.04245,,,
01:37:50.776,73.8,77,760.8,0.0,0.042061,,,
01:37:50.818,73.8,78,761.3,0.0,0.042035,,,
01:37:50.860,74.3,78,759.6,0.0,0.042128,,,
01:37:50.902,74.3,78,760.8,0.0,0.042062,,,
01:37:50.945,74.8,78,758.1,0.0,0.042213,,,
01:37:50.988,75.0,78,746.6,0.0,0.042863,,,
01:37:51.031,75.5,75,748.8,0.0,0.042736,,,
01:37:51.073,76.2,75,750.5,0.0,0.042638,,,
01:37:51.114,76.3,75,779.4,0.0,0.041059,,,
01:37:51.157,73.7,75,753.1,0.0,0.04249,,,
01:37:51.159,,,,,,True,1,
01:37:51.189,73.8,75,273.2,69.078703,0.0,,,
01:37:51.231,74.0,78,769.4,0.0,0.074532,,,
01:37:51.274,74.3,78,747.6,0.0,0.042802,,,
01:37:51.316,74.5,78,755.8,0.0,0.042339,,,
01:37:51.358,74.8,78,764.0,0.0,0.041886,,,
01:37:51.400,75.8,78,763.8,0.0,0.041897,,,
01:37:51.442,76.2,76,761.9,0.0,0.041998,,,
01:37:51.484,76.3,76,762.5,0.0,0.041965,,,
01:37:51.526,76.5,76,756.3,0.0,0.042311,,,
01:37:51.569,77.0,76,757.9,0.0,0.042223,,,
01:37:51.612,77.0,79,751.4,0.0,0.042587,,,
01:37:51.654,77.5,79,746.8,0.0,0.042848,,,
01:37:51.696,77.6,79,756.5,0.0,0.0423,,,
01:37:51.738,78.1,79,756.5,0.0,0.042298,,,
01:37:51.781,78.6,79,758.2,0.0,0.042204,,,
01:37:51.823,78.8,77,759.9,0.0,0.042109,,,
01:37:51.865,79.1,77,760.6,0.0,0.042073,,,
01:37:51.908,74.3,77,750.9,0.0,0.042617,,,
01:37:51.910,,,,,,True,1,
01:37:51.941,74.5,77,267.7,69.830358,0.0,,,
01:37:51.982,74.8,77,779.6,0.0,0.074667,,,
01:37:52.024,75.0,77,757.6,0.0,0.042241,,,
01:37:52.067,75.2,77,757.8,0.0,0.042228,,,
01:37:52.109,76.2,77,755.5,0.0,0.042356,,,
01:37:52.152,76.5,77,755.2,0.0,0.04237,,,
01:37:52.194,76.7,77,757.0,0.0,0.042274,,,
01:37:52.235,76.8,76,763.0,0.0,0.041937,,,
01:37:52.277,77.5,76,765.2,0.0,0.041822,,,
01:37:52.319,77.5,76,763.3,0.0,0.041921,,,
01:37:52.361,78.0,76,761.6,0.0,0.042016,,,
01:37:52.403,78.1,76,760.6,0.0,0.04207,,,
01:37:52.450,78.6,77,698.4,0.0,0.045817,,,
01:37:52.492,79.1,77,750.6,0.0,0.04263,,,
01:37:52.534,79.3,77,753.0,0.0,0.042495,,,
01:37:52.577,79.6,77,756.6,0.0,0.042297,,,
01:37:52.619,79.8,79,756.0,0.0,0.042326,,,
01:37:52.661,80.1,79,755.7,0.0,0.042347,,,
01:37:52.704,80.3,79,754.6,0.0,0.042405,,,
01:37:52.747,79.6,79,746.2,0.0,0.042885,,,
01:37:52.749,,,,,,True,1,
01:37:52.780,79.8,79,267.8,70.669414,0.0,,,
01:37:52.821,80.6,78,777.5,0.0,0.074761,,,
01:37:52.864,81.0,78,757.5,0.0,0.042244,,,
01:37:52.906,81.1,78,747.9,0.0,0.042787,,,
01:37:52.949,81.3,78,746.0,0.0,0.042897,,,
01:37:52.993,82.0,78,743.5,0.0,0.043039,,,
01:37:53.035,82.0,75,749.6,0.0,0.042687,,,
01:37:53.077,82.5,75,754.7,0.0,0.042402,,,
01:37:53.120,82.8,75,757.5,0.0,0.042243,,,
01:37:53.162,83.3,75,751.1,0.0,0.042603,,,
01:37:53.205,83.8,75,751.2,0.0,0.042599,,,
01:37:53.250,83.9,77,716.6,0.0,0.044653,,,
01:37:53.293,84.3,77,746.7,0.0,0.042855,,,
01:37:53.335,84.4,77,744.9,0.0,0.042959,,,
01:37:53.378,84.8,77,752.5,0.0,0.042528,,,
01:37:53.421,84.9,79,745.8,0.0,0.042909,,,
01:37:53.464,85.1,79,742.4,0.0,0.043102,,,
01:37:53.508,85.9,79,736.1,0.0,0.043473,,,
01:37:53.551,86.3,79,736.0,0.0,0.043479,,,
01:37:53.594,86.4,79,738.7,0.0,0.043319,,,
01:37:53.638,85.4,75,730.3,0.0,0.043815,,,
01:37:53.641,,,,,,True,1,
01:37:53.676,85.6,75,231.1,71.566092,0.0,,,
01:37:53.719,86.3,75,757.7,0.0,0.081179,,,
01:37:53.762,82.3,75,743.5,0.0,0.043039,,,
01:37:53.765,,,,,,True,1,
01:37:53.794,82.5,75,274.9,71.684087,0.0,,,
01:37:53.836,82.9,77,773.5,0.0,0.074111,,,
01:37:53.879,83.3,77,747.3,0.0,0.042821,,,
01:37:53.922,83.6,77,750.0,0.0,0.042669,,,
01:37:53.964,84.1,77,749.7,0.0,0.042682,,,
01:37:54.011,84.3,78,740.8,0.0,0.043195,,,
01:37:54.054,84.1,78,695.3,0.0,0.046025,,,
01:37:54.056,,,,,,True,1,
01:37:54.086,84.3,78,274.8,71.975567,0.0,,,
01:37:54.129,81.6,78,764.4,0.0,0.07462,,,
01:37:54.130,,,,,,True,1,
01:37:54.160,81.8,78,278.6,72.049717,0.0,,,
01:37:54.202,82.3,78,778.2,0.0,0.073427,,,
01:37:54.244,82.5,76,754.7,0.0,0.042399,,,
01:37:54.287,82.6,76,746.3,0.0,0.042879,,,
01:37:54.330,83.3,76,745.3,0.0,0.042936,,,
01:37:54.373,83.6,76,750.2,0.0,0.042656,,,
01:37:54.415,83.8,80,747.0,0.0,0.042835,,,
01:37:54.458,84.1,80,751.9,0.0,0.042558,,,
01:37:54.500,84.8,80,753.8,0.0,0.042454,,,
01:37:54.543,84.8,80,749.4,0.0,0.042702,,,
01:37:54.586,85.3,80,742.3,0.0,0.043108,,,
01:37:54.630,85.6,76,739.6,0.0,0.043264,,,
01:37:54.673,85.9,76,745.3,0.0,0.042938,,,
01:37:54.718,86.3,76,708.8,0.0,0.045148,,,
01:37:54.761,86.4,76,741.1,0.0,0.043181,,,
01:37:54.804,86.9,76,745.0,0.0,0.042956,,,
01:37:54.849,87.1,75,702.7,0.0,0.045536,,,
01:37:54.893,87.6,75,738.9,0.0,0.043305,,,
01:37:54.936,87.7,75,740.3,0.0,0.043224,,,
01:37:54.979,82.6,75,743.7,0.0,0.043027,,,
01:37:54.981,,,,,,True,1,
01:37:55.012,82.8,79,272.3,72.900974,0.0,,,
01:37:55.054,83.4,79,762.9,0.0,0.074993,,,
01:37:55.097,83.8,79,747.8,0.0,0.042791,,,
01:37:55.139,83.9,79,748.0,0.0,0.042779,,,
01:37:55.183,84.3,79,739.6,0.0,0.043264,,,
01:37:55.226,84.8,77,739.2,0.0,0.043291,,,
01:37:55.270,84.8,77,727.8,0.0,0.043969,,,
01:37:55.312,85.3,77,756.2,0.0,0.042314,,,
01:37:55.352,85.8,77,801.0,0.0,0.03995,,,
01:37:55.394,86.1,77,767.3,0.0,0.041707,,,
01:37:55.437,86.4,78,739.2,0.0,0.043293,,,
01:37:55.480,86.6,78,746.4,0.0,0.042875,,,
01:37:55.523,87.1,78,745.0,0.0,0.04295,,,
01:37:55.566,87.3,78,741.4,0.0,0.04316,,,
01:37:55.610,82.5,79,733.6,0.0,0.043619,,,
01:37:55.613,,,,,,True,1,
01:37:55.643,82.6,79,270.3,73.532163,0.0,,,
01:37:55.685,82.8,79,762.1,0.0,0.075291,,,
01:37:55.729,82.9,79,737.6,0.0,0.043384,,,
01:37:55.772,83.6,79,745.5,0.0,0.042925,,,
01:37:55.815,78.6,78,742.3,0.0,0.043108,,,
01:37:55.817,,,,,,True,1,
01:37:55.847,78.8,78,275.2,73.736252,0.0,,,
01:37:55.889,78.8,78,773.3,0.0,0.074083,,,
01:37:55.932,73.8,78,750.7,0.0,0.042625,,,
01:37:55.934,,,,,,True,1,
01:37:55.964,74.0,78,272.8,73.853227,0.0,,,
01:37:56.005,74.5,78,775.4,0.0,0.074255,,,
01:37:56.048,71.4,77,755.7,0.0,0.042346,,,
01:37:56.050,,,,,,True,1,
01:37:56.080,71.5,77,270.9,73.970043,0.0,,,
01:37:56.121,71.9,77,794.6,0.0,0.073487,,,
01:37:56.163,72.4,77,763.3,0.0,0.041921,,,
01:37:56.205,72.5,77,763.1,0.0,0.041933,,,
01:37:56.248,73.0,77,755.6,0.0,0.042349,,,
01:37:56.290,67.9,77,750.3,0.0,0.042648,,,
01:37:56.293,,,,,,True,1,
01:37:56.324,68.0,77,268.3,74.212684,0.0,,,
01:37:56.365,68.7,77,777.9,0.0,0.074675,,,
01:37:56.407,68.7,77,769.9,0.0,0.041566,,,
01:37:56.450,69.4,77,741.4,0.0,0.043163,,,
01:37:56.491,69.5,77,765.8,0.0,0.041789,,,
01:37:56.533,69.5,77,768.7,0.0,0.041628,,,
01:37:56.574,70.2,77,772.8,0.0,0.04141,,,
01:37:56.616,65.2,78,773.6,0.0,0.041367,,,
01:37:56.618,,,,,,True,1,
01:37:56.648,65.4,78,274.4,74.537524,0.0,,,
01:37:56.689,65.6,78,788.8,0.0,0.073368,,,
01:37:56.731,65.9,78,767.7,0.0,0.041682,,,
01:37:56.773,66.4,78,765.2,0.0,0.04182,,,
01:37:56.814,66.2,78,774.6,0.0,0.041314,,,
01:37:56.816,,,,,,True,1,
01:37:56.846,66.4,78,275.4,74.735567,0.0,,,
01:37:56.887,66.2,78,789.7,0.0,0.073204,,,
01:37:56.889,,,,,,True,1,
01:37:56.919,66.4,78,277.2,74.808548,0.0,,,
01:37:56.960,66.9,78,798.5,0.0,0.072546,,,
01:37:57.001,67.1,78,771.5,0.0,0.041477,,,
01:37:57.043,67.5,75,765.2,0.0,0.041822,,,
01:37:57.085,67.7,75,766.6,0.0,0.041744,,,
01:37:57.126,68.4,75,770.5,0.0,0.041533,,,
01:37:57.168,68.4,75,769.8,0.0,0.041569,,,
01:37:57.210,69.2,79,767.6,0.0,0.041687,,,
01:37:57.251,69.5,79,770.0,0.0,0.041559,,,
01:37:57.293,69.5,79,768.3,0.0,0.041651,,,
01:37:57.334,70.2,79,767.9,0.0,0.041674,,,
01:37:57.376,70.5,79,765.3,0.0,0.041813,,,
01:37:57.418,70.5,77,772.8,0.0,0.041409,,,
01:37:57.459,70.9,77,764.5,0.0,0.041857,,,
01:37:57.501,66.1,77,769.0,0.0,0.041615,,,
01:37:57.503,,,,,,True,1,
01:37:57.533,66.2,77,275.7,75.422657,0.0,,,
01:37:57.573,66.4,77,802.8,0.0,0.072505,,,
01:37:57.615,66.6,78,776.4,0.0,0.041215,,,
01:37:57.656,67.1,78,779.3,0.0,0.041061,,,
01:37:57.697,67.2,78,777.6,0.0,0.041154,,,
01:37:57.738,67.5,78,775.2,0.0,0.041277,,,
01:37:57.780,67.7,78,768.5,0.0,0.041642,,,
01:37:57.821,68.4,76,775.2,0.0,0.04128,,,
01:37:57.863,68.5,76,772.5,0.0,0.041424,,,
01:37:57.907,69.4,76,731.2,0.0,0.043763,,,
01:37:57.949,69.7,76,763.1,0.0,0.041933,,,
01:37:57.991,69.7,76,762.9,0.0,0.041944,,,
01:37:58.034,70.4,73,730.5,0.0,0.043808,,,
01:37:58.076,70.7,73,767.0,0.0,0.041723,,,
01:37:58.117,70.7,73,771.5,0.0,0.041477,,,
01:37:58.159,66.9,73,769.2,0.0,0.041604,,,
01:37:58.161,,,,,,True,1,
01:37:58.191,67.1,73,274.7,76.080574,0.0,,,
01:37:58.232,67.5,78,794.1,0.0,0.073066,,,
01:37:58.273,67.7,78,777.9,0.0,0.041137,,,
01:37:58.314,67.9,78,778.3,0.0,0.041115,,,
01:37:58.355,68.4,78,778.6,0.0,0.041102,,,
01:37:58.396,68.5,78,775.9,0.0,0.041243,,,
01:37:58.438,68.9,77,775.4,0.0,0.041268,,,
01:37:58.479,69.0,77,773.0,0.0,0.041396,,,
01:37:58.520,69.9,77,774.4,0.0,0.041323,,,
01:37:58.562,70.0,77,771.2,0.0,0.041491,,,
01:37:58.604,70.9,77,765.1,0.0,0.041823,,,
01:37:58.647,71.2,78,744.9,0.0,0.042957,,,
01:37:58.691,71.2,78,742.9,0.0,0.043072,,,
01:37:58.733,71.7,78,738.5,0.0,0.043334,,,
01:37:58.775,72.0,78,764.8,0.0,0.041839,,,
01:37:58.817,72.0,77,768.3,0.0,0.041648,,,
01:37:58.858,72.4,77,769.8,0.0,0.041567,,,
01:37:58.900,72.8,77,770.7,0.0,0.04152,,,
01:37:58.942,73.0,77,765.9,0.0,0.041781,,,
01:37:58.984,73.2,77,755.5,0.0,0.042357,,,
01:37:59.026,73.7,76,757.7,0.0,0.042236,,,
01:37:59.069,73.8,76,755.4,0.0,0.042363,,,
01:37:59.111,74.2,76,763.0,0.0,0.04194,,,
01:37:59.152,74.3,76,762.3,0.0,0.041976,,,
01:37:59.194,75.2,76,767.4,0.0,0.041699,,,
01:37:59.236,75.3,76,766.2,0.0,0.041764,,,
01:37:59.278,76.2,76,765.5,0.0,0.041805,,,
01:37:59.320,76.5,76,761.9,0.0,0.041999,,,
01:37:59.362,76.5,76,757.9,0.0,0.042225,,,
01:37:59.405,77.0,76,751.1,0.0,0.042604,,,
01:37:59.448,77.3,78,747.6,0.0,0.042805,,,
01:37:59.490,77.3,78,747.4,0.0,0.042813,,,
01:37:59.533,72.4,78,747.6,0.0,0.042805,,,
01:37:59.535,,,,,,True,1,
01:37:59.565,72.5,78,275.2,77.454564,0.0,,,
01:37:59.609,73.0,78,786.1,0.0,0.073408,,,
01:37:59.651,73.2,78,723.0,0.0,0.044261,,,
01:37:59.693,73.3,78,759.5,0.0,0.042135,,,
01:37:59.734,73.8,78,767.6,0.0,0.041687,,,
01:37:59.776,73.8,78,768.3,0.0,0.041651,,,
01:37:59.818,74.2,77,769.6,0.0,0.04158,,,
01:37:59.859,74.3,77,770.6,0.0,0.041527,,,
01:37:59.901,75.3,77,767.8,0.0,0.041679,,,
01:37:59.943,75.5,77,752.9,0.0,0.042501,,,
01:37:59.986,76.3,77,752.4,0.0,0.042528,,,
01:38:00.029,76.7,76,753.5,0.0,0.042468,,,
01:38:00.071,76.7,76,753.0,0.0,0.042498,,,
01:38:00.113,77.2,76,753.8,0.0,0.042453,,,
01:38:00.156,77.5,76,756.8,0.0,0.042283,,,
01:38:00.198,77.5,76,754.7,0.0,0.042404,,,
01:38:00.243,77.8,75,713.6,0.0,0.044845,,,
01:38:00.287,78.3,75,734.9,0.0,0.043541,,,
01:38:00.330,78.5,75,743.8,0.0,0.043022,,,
01:38:00.372,78.6,75,755.8,0.0,0.04234,,,
01:38:00.414,79.1,79,761.2,0.0,0.04204,,,
01:38:00.456,79.1,79,756.9,0.0,0.042276,,,
01:38:00.498,77.8,79,760.0,0.0,0.042105,,,
01:38:00.500,,,,,,True,1,
01:38:00.531,78.0,79,272.8,78.420073,0.0,,,
01:38:00.572,78.1,79,778.0,0.0,0.074126,,,
01:38:00.614,79.1,78,761.8,0.0,0.042008,,,
01:38:00.656,79.3,78,762.2,0.0,0.041984,,,
01:38:00.698,80.1,78,760.7,0.0,0.042068,,,
01:38:00.741,80.5,78,747.4,0.0,0.042815,,,
01:38:00.784,80.5,78,743.4,0.0,0.043044,,,
01:38:00.827,81.0,76,744.9,0.0,0.042957,,,
01:38:00.870,81.5,76,748.7,0.0,0.042743,,,
01:38:00.913,81.5,76,743.7,0.0,0.043028,,,
01:38:00.956,78.6,76,745.4,0.0,0.042929,,,
01:38:00.958,,,,,,True,1,
01:38:00.988,78.8,76,274.9,78.877498,0.0,,,
01:38:01.031,79.1,77,769.2,0.0,0.074338,,,
01:38:01.073,79.3,77,750.8,0.0,0.042622,,,
01:38:01.115,79.5,77,756.0,0.0,0.04233,,,
01:38:01.158,80.0,77,753.9,0.0,0.042445,,,
01:38:01.200,80.0,77,757.9,0.0,0.042219,,,
01:38:01.242,75.0,76,758.0,0.0,0.042217,,,
01:38:01.245,,,,,,True,1,
01:38:01.275,75.2,76,271.4,79.164077,0.0,,,
01:38:01.316,75.3,76,788.3,0.0,0.073756,,,
01:38:01.358,76.5,76,762.8,0.0,0.041948,,,
01:38:01.400,72.5,76,760.2,0.0,0.042093,,,
01:38:01.402,,,,,,True,1,
01:38:01.432,72.7,78,276.2,79.321279,0.0,,,
01:38:01.473,73.3,78,792.6,0.0,0.072956,,,
01:38:01.514,73.5,78,768.0,0.0,0.041666,,,
01:38:01.556,73.5,78,769.4,0.0,0.041589,,,
01:38:01.598,73.8,78,769.9,0.0,0.041566,,,
01:38:01.639,74.5,79,766.4,0.0,0.041754,,,
01:38:01.681,74.5,79,761.0,0.0,0.04205,,,
01:38:01.724,74.8,79,758.1,0.0,0.04221,,,
01:38:01.766,75.3,79,760.0,0.0,0.042104,,,
01:38:01.808,75.5,80,763.8,0.0,0.041898,,,
01:38:01.851,75.7,80,750.4,0.0,0.042643,,,
01:38:01.892,76.2,80,758.1,0.0,0.042212,,,
01:38:01.935,70.9,80,761.0,0.0,0.04205,,,
01:38:01.937,,,,,,True,1,
01:38:01.970,71.0,80,249.3,79.85948,0.0,,,
01:38:02.012,71.4,77,775.6,0.0,0.077362,,,
01:38:02.054,71.5,77,765.0,0.0,0.041828,,,
01:38:02.095,72.7,77,766.0,0.0,0.041778,,,
01:38:02.137,72.8,77,762.2,0.0,0.041985,,,
01:38:02.180,73.3,77,758.8,0.0,0.042172,,,
01:38:02.221,73.5,76,767.1,0.0,0.041718,,,
01:38:02.263,73.5,76,761.1,0.0,0.042045,,,
01:38:02.305,74.0,76,762.8,0.0,0.041949,,,
01:38:02.347,74.7,76,766.0,0.0,0.041776,,,
01:38:02.389,74.7,76,761.4,0.0,0.042029,,,
01:38:02.432,73.3,76,755.1,0.0,0.042381,,,
01:38:02.434,,,,,,True,1,
01:38:02.464,73.5,76,275.4,80.353065,0.0,,,
01:38:02.506,74.0,76,775.7,0.0,0.073938,,,
01:38:02.548,71.9,76,761.3,0.0,0.042033,,,
01:38:02.550,,,,,,True,1,
01:38:02.580,72.0,76,274.6,80.469115,0.0,,,
01:38:02.621,72.2,80,791.2,0.0,0.073225,,,
01:38:02.662,72.7,80,765.5,0.0,0.041801,,,
01:38:02.705,72.7,80,759.5,0.0,0.04213,,,
01:38:02.747,73.0,80,756.7,0.0,0.04229,,,
01:38:02.790,73.2,80,757.5,0.0,0.042245,,,
01:38:02.832,74.3,75,755.4,0.0,0.04236,,,
01:38:02.873,74.5,75,765.5,0.0,0.0418,,,
01:38:02.915,75.2,75,763.7,0.0,0.041899,,,
01:38:02.957,75.3,75,759.3,0.0,0.042146,,,
01:38:03.000,75.3,75,758.7,0.0,0.042177,,,
01:38:03.042,75.8,76,756.6,0.0,0.042295,,,
01:38:03.085,76.5,76,753.1,0.0,0.04249,,,
01:38:03.127,76.5,76,751.9,0.0,0.042561,,,
01:38:03.170,76.8,76,752.6,0.0,0.042521,,,
01:38:03.212,77.3,80,752.1,0.0,0.04255,,,
01:38:03.254,77.3,80,758.9,0.0,0.042166,,,
01:38:03.296,77.5,80,758.4,0.0,0.042193,,,
01:38:03.338,78.0,80,760.4,0.0,0.042085,,,
01:38:03.381,78.0,80,752.0,0.0,0.042553,,,
01:38:03.425,78.3,76,737.6,0.0,0.043382,,,
01:38:03.468,78.5,76,737.1,0.0,0.043411,,,
01:38:03.511,79.6,76,745.8,0.0,0.042906,,,
01:38:03.555,79.8,76,732.4,0.0,0.043694,,,
01:38:03.599,80.5,76,727.5,0.0,0.043988,,,
01:38:03.643,80.6,73,727.2,0.0,0.044007,,,
01:38:03.687,78.5,73,721.8,0.0,0.044334,,,
01:38:03.690,,,,,,True,1,
01:38:03.720,78.6,73,269.6,81.608906,0.0,,,
01:38:03.762,79.1,73,772.0,0.0,0.074836,,,
01:38:03.808,79.8,78,747.6,0.0,0.042802,,,
01:38:03.850,79.8,78,700.7,0.0,0.045669,,,
01:38:03.892,80.1,78,755.9,0.0,0.042335,,,
01:38:03.937,75.3,78,724.2,0.0,0.044188,,,
01:38:03.939,,,,,,True,1,
01:38:03.970,75.5,78,269.9,81.858672,0.0,,,
01:38:04.011,75.5,77,770.9,0.0,0.074852,,,
01:38:04.053,75.7,77,760.7,0.0,0.042068,,,
01:38:04.095,76.2,77,761.4,0.0,0.04203,,,
01:38:04.137,76.2,77,763.1,0.0,0.041934,,,
01:38:04.180,76.3,77,754.0,0.0,0.042442,,,
01:38:04.224,76.5,75,723.3,0.0,0.044241,,,
01:38:04.267,77.6,75,747.1,0.0,0.04283,,,
01:38:04.310,78.0,75,757.2,0.0,0.04226,,,
01:38:04.352,78.6,75,752.0,0.0,0.042554,,,
01:38:04.394,78.8,75,762.1,0.0,0.041987,,,
01:38:04.438,78.8,75,727.8,0.0,0.043967,,,
01:38:04.480,79.3,75,757.3,0.0,0.042253,,,
01:38:04.522,80.0,75,752.6,0.0,0.042521,,,
01:38:04.565,80.0,75,752.2,0.0,0.042543,,,
01:38:04.610,80.3,80,721.3,0.0,0.044363,,,
01:38:04.652,80.8,80,753.0,0.0,0.042498,,,
01:38:04.694,80.8,80,753.4,0.0,0.042472,,,
01:38:04.737,81.0,80,753.0,0.0,0.042495,,,
01:38:04.780,81.5,80,738.5,0.0,0.043334,,,
01:38:04.823,81.5,75,744.7,0.0,0.042968,,,
01:38:04.866,81.6,75,742.7,0.0,0.043085,,,
01:38:04.909,81.8,75,745.4,0.0,0.042933,,,
01:38:04.952,82.9,75,744.5,0.0,0.042981,,,
01:38:04.995,83.3,75,750.2,0.0,0.042655,,,
01:38:05.038,83.9,75,749.0,0.0,0.042724,,,
01:38:05.081,78.3,75,744.4,0.0,0.042987,,,
01:38:05.083,,,,,,True,2,
01:38:05.113,78.6,75,545.2,83.001911,0.0,,,
01:38:05.155,78.6,75,780.0,0.0,0.074042,,,
01:38:05.197,79.0,75,760.7,0.0,0.042067,,,
01:38:05.239,79.6,78,756.4,0.0,0.042306,,,
01:38:05.282,79.6,78,749.7,0.0,0.042685,,,
01:38:05.324,80.0,78,753.1,0.0,0.042493,,,
01:38:05.367,80.5,78,749.5,0.0,0.042696,,,
01:38:05.410,80.5,80,750.3,0.0,0.042651,,,
01:38:05.452,81.0,80,747.9,0.0,0.042786,,,
01:38:05.495,81.5,80,749.8,0.0,0.042677,,,
01:38:05.537,81.5,80,757.4,0.0,0.042248,,,
01:38:05.580,81.6,80,751.1,0.0,0.042605,,,
01:38:05.622,81.8,76,750.0,0.0,0.042667,,,
01:38:05.665,82.9,76,748.2,0.0,0.042771,,,
01:38:05.708,83.3,76,744.8,0.0,0.042964,,,
01:38:05.751,83.9,76,739.6,0.0,0.043265,,,
01:38:05.794,83.9,76,745.1,0.0,0.042948,,,
01:38:05.837,83.9,75,749.1,0.0,0.042717,,,
01:38:05.880,84.3,75,744.9,0.0,0.042959,,,
01:38:05.924,84.9,75,736.7,0.0,0.043437,,,
01:38:05.967,84.9,75,735.4,0.0,0.043515,,,
01:38:06.011,85.3,80,735.0,0.0,0.043536,,,
01:38:06.053,85.8,80,746.1,0.0,0.04289,,,
01:38:06.096,80.5,80,748.9,0.0,0.042729,,,
01:38:06.098,,,,,,True,1,
01:38:06.129,80.6,80,275.6,84.017156,0.0,,,
01:38:06.172,75.8,80,736.9,0.0,0.076082,,,
01:38:06.174,,,,,,True,1,
01:38:06.207,76.0,77,280.0,84.092702,0.0,,,
01:38:06.249,76.5,77,718.3,0.0,0.076692,,,
01:38:06.293,76.5,77,721.3,0.0,0.044363,,,
01:38:06.336,76.7,77,756.2,0.0,0.042316,,,
01:38:06.378,76.7,77,758.6,0.0,0.042182,,,
01:38:06.420,77.6,76,762.5,0.0,0.041965,,,
01:38:06.463,72.7,76,754.1,0.0,0.042434,,,
01:38:06.465,,,,,,True,1,
01:38:06.495,72.8,76,270.4,84.38378,0.0,,,
01:38:06.536,73.7,76,791.2,0.0,0.073729,,,
01:38:06.578,73.8,76,764.7,0.0,0.041846,,,
01:38:06.619,73.8,78,769.5,0.0,0.041584,,,
01:38:06.663,74.2,78,729.8,0.0,0.043848,,,
01:38:06.706,74.7,78,757.8,0.0,0.042229,,,
01:38:06.748,74.7,78,750.6,0.0,0.042635,,,
01:38:06.791,75.0,78,751.9,0.0,0.04256,,,
01:38:06.832,75.7,74,764.3,0.0,0.041869,,,
01:38:06.874,75.7,74,764.1,0.0,0.041881,,,
01:38:06.916,70.9,74,762.1,0.0,0.041991,,,
01:38:06.919,,,,,,True,1,
01:38:06.949,71.0,74,275.0,84.837374,0.0,,,
01:38:06.990,71.5,74,790.5,0.0,0.073207,,,
01:38:07.032,71.5,78,763.2,0.0,0.041927,,,
01:38:07.073,71.7,78,766.0,0.0,0.041775,,,
01:38:07.115,71.7,78,768.5,0.0,0.041639,,,
01:38:07.157,72.5,78,768.3,0.0,0.041648,,,
01:38:07.198,72.8,78,769.0,0.0,0.041615,,,
01:38:07.240,73.7,76,763.3,0.0,0.041921,,,
01:38:07.283,74.0,76,754.2,0.0,0.042428,,,
01:38:07.325,74.0,76,756.0,0.0,0.04233,,,
01:38:07.367,74.0,76,761.9,0.0,0.042001,,,
01:38:07.369,,,,,,True,1,
01:38:07.399,74.2,76,272.9,85.288103,0.0,,,
01:38:07.444,74.7,78,723.8,0.0,0.077191,,,
01:38:07.487,69.4,78,748.4,0.0,0.042756,,,
01:38:07.489,,,,,,True,1,
01:38:07.519,69.5,78,273.5,85.407955,0.0,,,
01:38:07.560,69.9,78,788.3,0.0,0.0735,,,
01:38:07.602,70.4,78,763.5,0.0,0.04191,,,
01:38:07.645,70.4,77,759.9,0.0,0.042111,,,
01:38:07.687,70.9,77,756.9,0.0,0.042279,,,
01:38:07.729,71.2,77,758.1,0.0,0.04221,,,
01:38:07.772,69.7,77,741.7,0.0,0.043144,,,
01:38:07.774,,,,,,True,1,
01:38:07.806,69.9,77,273.1,85.693142,0.0,,,
01:38:07.848,70.0,77,752.1,0.0,0.075507,,,
01:38:07.890,70.2,77,756.2,0.0,0.042319,,,
01:38:07.932,70.9,77,764.3,0.0,0.041868,,,
01:38:07.974,71.2,77,764.5,0.0,0.041856,,,
01:38:08.015,72.0,77,763.8,0.0,0.041898,,,
01:38:08.057,72.4,77,766.6,0.0,0.04174,,,
01:38:08.099,72.4,77,766.5,0.0,0.04175,,,
01:38:08.141,72.8,77,763.4,0.0,0.04192,,,
01:38:08.183,73.3,77,761.3,0.0,0.042035,,,
01:38:08.225,73.3,76,756.9,0.0,0.042279,,,
01:38:08.268,71.2,76,759.6,0.0,0.042128,,,
01:38:08.270,,,,,,True,1,
01:38:08.300,71.4,76,271.9,86.188565,0.0,,,
01:38:08.341,71.9,76,789.6,0.0,0.073625,,,
01:38:08.383,71.9,76,764.7,0.0,0.041844,,,
01:38:08.425,72.4,78,760.6,0.0,0.042072,,,
01:38:08.467,72.7,78,760.7,0.0,0.042066,,,
01:38:08.509,72.8,78,756.2,0.0,0.042319,,,
01:38:08.551,71.5,78,768.8,0.0,0.041625,,,
01:38:08.553,,,,,,True,1,
01:38:08.583,71.7,78,276.8,86.471511,0.0,,,
01:38:08.624,71.9,78,787.8,0.0,0.073133,,,
01:38:08.667,72.4,78,754.3,0.0,0.042423,,,
01:38:08.709,72.7,78,754.3,0.0,0.042421,,,
01:38:08.750,73.5,78,765.1,0.0,0.041827,,,
01:38:08.792,73.8,78,772.1,0.0,0.041443,,,
01:38:08.835,68.5,76,751.0,0.0,0.042609,,,
01:38:08.837,,,,,,True,1,
01:38:08.868,68.7,76,270.9,86.756053,0.0,,,
01:38:08.912,69.2,76,731.6,0.0,0.076956,,,
01:38:08.958,65.1,76,704.6,0.0,0.045418,,,
01:38:08.960,,,,,,True,2,
01:38:08.991,65.4,76,528.4,86.879259,0.0,,,
01:38:09.032,65.4,75,787.5,0.0,0.074702,,,
01:38:09.074,65.7,75,759.2,0.0,0.04215,,,
01:38:09.116,65.6,75,758.4,0.0,0.042193,,,
01:38:09.119,,,,,,True,1,
01:38:09.149,65.7,75,269.8,87.037562,0.0,,,
01:38:09.190,65.7,75,788.3,0.0,0.073953,,,
01:38:09.232,66.2,76,762.4,0.0,0.041971,,,
01:38:09.273,66.7,76,773.2,0.0,0.041385,,,
01:38:09.315,66.9,76,776.6,0.0,0.041206,,,
01:38:09.356,67.4,76,769.6,0.0,0.041579,,,
01:38:09.398,67.5,76,772.2,0.0,0.041441,,,
01:38:09.440,68.0,76,763.8,0.0,0.041897,,,
01:38:09.482,68.5,76,761.0,0.0,0.04205,,,
01:38:09.524,68.7,76,768.2,0.0,0.041656,,,
01:38:09.526,,,,,,True,1,
01:38:09.556,68.9,76,270.6,87.444581,0.0,,,
01:38:09.596,69.2,76,800.7,0.0,0.073225,,,
01:38:09.638,69.2,78,774.5,0.0,0.041317,,,
01:38:09.679,69.5,78,766.9,0.0,0.041728,,,
01:38:09.721,70.0,78,765.7,0.0,0.04179,,,
01:38:09.764,70.0,78,759.7,0.0,0.042123,,,
01:38:09.806,70.4,79,759.0,0.0,0.042163,,,
01:38:09.847,70.5,79,768.3,0.0,0.041652,,,
01:38:09.889,68.5,79,766.1,0.0,0.041772,,,
01:38:09.891,,,,,,True,1,
01:38:09.922,68.7,79,274.9,87.809814,0.0,,,
01:38:09.963,69.2,79,781.4,0.0,0.073694,,,
01:38:10.006,69.7,77,752.9,0.0,0.042504,,,
01:38:10.048,69.9,77,742.0,0.0,0.043125,,,
01:38:10.090,70.4,77,766.7,0.0,0.041737,,,
01:38:10.132,70.5,77,768.8,0.0,0.041621,,,
01:38:10.174,71.0,77,764.4,0.0,0.041866,,,
01:38:10.214,71.5,76,789.9,0.0,0.040511,,,
01:38:10.254,72.4,76,800.4,0.0,0.039979,,,
01:38:10.295,72.7,76,781.7,0.0,0.040935,,,
01:38:10.337,72.7,76,764.2,0.0,0.041876,,,
01:38:10.379,73.0,76,766.4,0.0,0.041755,,,
01:38:10.421,73.3,78,758.5,0.0,0.042187,,,
01:38:10.463,73.3,78,760.9,0.0,0.042055,,,
01:38:10.502,73.7,78,807.6,0.0,0.039623,,,
01:38:10.543,73.8,78,786.6,0.0,0.040681,,,
01:38:10.585,74.0,78,768.1,0.0,0.04166,,,
01:38:10.627,74.5,78,759.7,0.0,0.04212,,,
01:38:10.669,75.0,78,756.9,0.0,0.042275,,,
01:38:10.711,75.2,78,764.5,0.0,0.041858,,,
01:38:10.755,75.7,78,728.9,0.0,0.043902,,,
01:38:10.797,75.8,78,753.2,0.0,0.042484,,,
01:38:10.840,76.3,75,746.9,0.0,0.042842,,,
01:38:10.883,76.8,75,749.6,0.0,0.04269,,,
01:38:10.926,77.6,75,747.9,0.0,0.042789,,,
01:38:10.969,78.0,75,745.1,0.0,0.042946,,,
01:38:11.012,72.7,79,748.6,0.0,0.042745,,,
01:38:11.014,,,,,,True,1,
01:38:11.044,72.8,79,274.2,88.932341,0.0,,,
01:38:11.086,73.2,79,773.5,0.0,0.074197,,,
01:38:11.128,73.5,79,753.8,0.0,0.042451,,,
01:38:11.170,73.5,79,757.5,0.0,0.042242,,,
01:38:11.212,73.8,77,763.7,0.0,0.041899,,,
01:38:11.254,73.8,77,767.4,0.0,0.041698,,,
01:38:11.296,74.0,77,767.7,0.0,0.041683,,,
01:38:11.337,74.5,77,764.4,0.0,0.041862,,,
01:38:11.380,75.2,77,758.2,0.0,0.042203,,,
01:38:11.422,75.3,76,755.6,0.0,0.042348,,,
01:38:11.465,75.8,76,753.9,0.0,0.042444,,,
01:38:11.507,76.0,76,757.4,0.0,0.042253,,,
01:38:11.549,76.5,76,752.8,0.0,0.042509,,,
01:38:11.591,77.0,76,763.6,0.0,0.041905,,,
01:38:11.633,77.8,76,759.1,0.0,0.042157,,,
01:38:11.675,78.1,76,761.6,0.0,0.042016,,,
01:38:11.718,78.1,76,758.9,0.0,0.042166,,,
01:38:11.760,78.5,76,749.3,0.0,0.042708,,,
01:38:11.805,73.5,79,748.2,0.0,0.042767,,,
01:38:11.807,,,,,,True,1,
01:38:11.840,73.7,79,237.8,89.728839,0.0,,,
01:38:11.883,73.7,79,766.2,0.0,0.079606,,,
01:38:11.925,74.0,79,751.3,0.0,0.042593,,,
01:38:11.968,74.0,79,746.6,0.0,0.04286,,,
01:38:12.010,72.7,76,756.7,0.0,0.04229,,,
01:38:12.013,,,,,,True,1,
01:38:12.043,72.8,76,274.5,89.931124,0.0,,,
01:38:12.085,73.2,76,769.7,0.0,0.074368,,,
01:38:12.127,73.8,76,756.4,0.0,0.042306,,,
01:38:12.169,74.0,76,757.6,0.0,0.042239,,,
01:38:12.211,74.7,77,765.9,0.0,0.041779,,,
01:38:12.253,74.8,77,767.1,0.0,0.041717,,,
01:38:12.295,70.0,77,764.6,0.0,0.041854,,,
01:38:12.297,,,,,,True,1,
01:38:12.327,70.2,77,275.1,90.215292,0.0,,,
01:38:12.368,65.4,77,785.0,0.0,0.073474,,,
01:38:12.370,,,,,,True,1,
01:38:12.400,65.6,77,281.1,90.288052,0.0,,,
01:38:12.442,66.6,77,768.4,0.0,0.073658,,,
01:38:12.483,66.7,77,774.2,0.0,0.041334,,,
01:38:12.525,66.7,77,772.2,0.0,0.041442,,,
01:38:12.566,66.9,77,773.7,0.0,0.041359,,,
01:38:12.608,67.1,79,775.6,0.0,0.041258,,,
01:38:12.649,67.1,79,769.2,0.0,0.041599,,,
01:38:12.690,66.7,79,775.6,0.0,0.04126,,,
01:38:12.692,,,,,,True,1,
01:38:12.722,66.9,79,276.9,90.610431,0.0,,,
01:38:12.763,67.1,79,786.2,0.0,0.073204,,,
01:38:12.805,67.2,77,765.5,0.0,0.041802,,,
01:38:12.847,67.5,77,767.4,0.0,0.041698,,,
01:38:12.889,68.2,77,762.0,0.0,0.041995,,,
01:38:12.930,68.4,77,770.4,0.0,0.041538,,,
01:38:12.972,69.0,77,773.1,0.0,0.041394,,,
01:38:13.013,69.2,76,773.6,0.0,0.041367,,,
01:38:13.054,69.9,76,771.3,0.0,0.04149,,,
01:38:13.096,70.4,76,775.3,0.0,0.041272,,,
01:38:13.137,71.2,76,773.9,0.0,0.041348,,,
01:38:13.179,71.4,76,763.8,0.0,0.041898,,,
01:38:13.221,71.4,76,760.6,0.0,0.042073,,,
01:38:13.263,71.5,76,758.1,0.0,0.042213,,,
01:38:13.305,71.7,76,765.7,0.0,0.041791,,,
01:38:13.347,71.7,76,764.5,0.0,0.041858,,,
01:38:13.388,72.2,76,770.1,0.0,0.041556,,,
01:38:13.430,72.4,76,763.5,0.0,0.041914,,,
01:38:13.472,72.5,76,764.3,0.0,0.04187,,,
01:38:13.514,72.8,76,762.2,0.0,0.041982,,,
01:38:13.556,73.5,76,757.1,0.0,0.042269,,,
01:38:13.599,73.7,76,750.2,0.0,0.042658,,,
01:38:13.644,74.3,77,723.5,0.0,0.044228,,,
01:38:13.687,74.5,77,737.1,0.0,0.043416,,,
01:38:13.729,75.2,77,754.5,0.0,0.04241,,,
01:38:13.771,75.7,77,758.9,0.0,0.042167,,,
01:38:13.813,76.5,77,761.4,0.0,0.042029,,,
01:38:13.855,71.4,77,762.7,0.0,0.041957,,,
01:38:13.858,,,,,,True,1,
01:38:13.888,71.5,77,274.7,91.776047,0.0,,,
01:38:13.929,71.5,77,789.8,0.0,0.073277,,,
01:38:13.971,71.7,77,759.8,0.0,0.042119,,,
01:38:14.013,71.9,78,764.5,0.0,0.041856,,,
01:38:14.054,71.9,78,767.0,0.0,0.041721,,,
01:38:14.096,72.2,78,770.5,0.0,0.041534,,,
01:38:14.138,72.4,78,763.5,0.0,0.041913,,,
01:38:14.180,72.5,78,756.6,0.0,0.042292,,,
01:38:14.223,73.0,76,758.5,0.0,0.04219,,,
01:38:14.265,73.7,76,758.6,0.0,0.042185,,,
01:38:14.435,73.8,41,187.8,0.0,0.170389,,,
01:38:14.479,74.5,41,722.8,0.0,0.044275,,,
01:38:14.522,74.7,41,748.1,0.0,0.042778,,,
01:38:14.564,75.3,41,755.4,0.0,0.042363,,,
01:38:14.607,75.8,64,757.5,0.0,0.042243,,,
01:38:14.649,76.7,64,756.7,0.0,0.04229,,,
01:38:14.691,76.8,64,761.6,0.0,0.042015,,,
01:38:14.733,76.8,64,763.6,0.0,0.041906,,,
01:38:14.775,77.0,64,758.4,0.0,0.042192,,,
01:38:14.817,77.2,76,751.6,0.0,0.042576,,,
01:38:14.861,77.2,76,748.4,0.0,0.042761,,,
01:38:14.903,77.5,76,746.5,0.0,0.042869,,,
01:38:14.946,77.6,76,751.2,0.0,0.0426,,,
01:38:14.989,77.8,76,741.4,0.0,0.043163,,,
01:38:15.031,78.3,75,754.4,0.0,0.042417,,,
01:38:15.074,79.0,75,754.1,0.0,0.042435,,,
01:38:15.116,79.1,75,755.6,0.0,0.042349,,,
01:38:15.159,79.8,75,752.1,0.0,0.042548,,,
01:38:15.204,80.0,79,745.2,0.0,0.042944,,,
01:38:15.246,80.6,79,724.4,0.0,0.044174,,,
01:38:15.288,81.1,79,748.5,0.0,0.042752,,,
01:38:15.331,82.0,79,754.4,0.0,0.042419,,,
01:38:15.373,82.1,79,751.8,0.0,0.042567,,,
01:38:15.416,80.5,77,753.0,0.0,0.042494,,,
01:38:15.418,,,,,,True,1,
01:38:15.449,80.6,77,272.7,93.336879,0.0,,,
01:38:15.490,80.8,77,775.8,0.0,0.074253,,,
01:38:15.533,81.0,77,752.3,0.0,0.042534,,,
01:38:15.576,75.7,77,746.9,0.0,0.042843,,,
01:38:15.578,,,,,,True,1,
01:38:15.608,75.8,78,277.1,93.495967,0.0,,,
01:38:15.649,76.2,78,786.0,0.0,0.073197,,,
01:38:15.691,76.3,78,763.3,0.0,0.041924,,,
01:38:15.733,76.5,78,763.4,0.0,0.041916,,,
01:38:15.775,77.0,78,754.0,0.0,0.042438,,,
01:38:15.820,77.6,77,711.8,0.0,0.044955,,,
01:38:15.866,77.8,77,703.2,0.0,0.045507,,,
01:38:15.908,78.3,77,740.1,0.0,0.043239,,,
01:38:15.948,78.6,77,815.9,0.0,0.039221,,,
01:38:15.990,79.3,77,765.3,0.0,0.041815,,,
01:38:16.033,79.8,75,743.4,0.0,0.043045,,,
01:38:16.076,80.6,75,740.1,0.0,0.043239,,,
01:38:16.119,80.8,75,748.3,0.0,0.042763,,,
01:38:16.162,80.8,75,749.6,0.0,0.042687,,,
01:38:16.205,81.0,79,746.9,0.0,0.042841,,,
01:38:16.248,81.1,79,740.0,0.0,0.043246,,,
01:38:16.291,81.1,79,744.9,0.0,0.042958,,,
01:38:16.334,81.5,79,745.0,0.0,0.042954,,,
01:38:16.376,81.6,79,747.7,0.0,0.042797,,,
01:38:16.419,81.8,75,750.4,0.0,0.042643,,,
01:38:16.462,82.3,75,749.0,0.0,0.042723,,,
01:38:16.505,82.9,75,744.3,0.0,0.042992,,,
01:38:16.548,77.8,75,742.7,0.0,0.043085,,,
01:38:16.550,,,,,,True,1,
01:38:16.580,78.0,75,275.7,94.468297,0.0,,,
01:38:16.622,78.5,78,770.1,0.0,0.074198,,,
01:38:16.665,78.8,78,753.8,0.0,0.042451,,,
01:38:16.707,79.5,78,749.5,0.0,0.042698,,,
01:38:16.749,80.0,78,757.1,0.0,0.042267,,,
01:38:16.792,80.1,78,754.0,0.0,0.042442,,,
01:38:16.794,,,,,,True,1,
01:38:16.825,80.3,76,273.1,94.712642,0.0,,,
01:38:16.866,75.2,76,770.7,0.0,0.074472,,,
01:38:16.868,,,,,,True,1,
01:38:16.898,75.3,76,277.9,94.786521,0.0,,,
01:38:16.940,75.3,76,776.2,0.0,0.073607,,,
01:38:16.982,75.7,76,757.0,0.0,0.04227,,,
01:38:17.025,75.8,80,758.6,0.0,0.042185,,,
01:38:17.067,75.8,80,757.8,0.0,0.042229,,,
01:38:17.109,76.0,80,760.9,0.0,0.042054,,,
01:38:17.151,76.2,80,759.4,0.0,0.042141,,,
01:38:17.193,76.5,80,762.9,0.0,0.041945,,,
01:38:17.235,77.2,76,763.5,0.0,0.041914,,,
01:38:17.277,77.8,76,760.0,0.0,0.042106,,,
01:38:17.319,78.0,76,756.2,0.0,0.042319,,,
01:38:17.362,78.5,76,749.2,0.0,0.042715,,,
01:38:17.405,78.6,80,753.8,0.0,0.042451,,,
01:38:17.447,79.3,80,751.8,0.0,0.042567,,,
01:38:17.489,79.8,80,757.0,0.0,0.04227,,,
01:38:17.531,80.5,80,758.2,0.0,0.042203,,,
01:38:17.573,80.6,80,759.6,0.0,0.042128,,,
01:38:17.616,80.6,76,755.8,0.0,0.04234,,,
01:38:17.658,81.0,76,751.3,0.0,0.042591,,,
01:38:17.701,81.1,76,751.3,0.0,0.042593,,,
01:38:17.744,81.1,76,748.2,0.0,0.042768,,,
01:38:17.787,81.3,76,743.5,0.0,0.043039,,,
01:38:17.829,79.5,76,753.4,0.0,0.042474,,,
01:38:17.831,,,,,,True,1,
01:38:17.862,79.6,76,276.2,95.749622,0.0,,,
01:38:17.904,79.8,76,763.4,0.0,0.074508,,,
01:38:17.946,80.5,76,748.2,0.0,0.042769,,,
01:38:17.989,81.1,76,746.9,0.0,0.042843,,,
01:38:18.032,81.3,77,742.4,0.0,0.043101,,,
01:38:18.075,81.8,77,745.2,0.0,0.04294,,,
01:38:18.118,82.0,77,749.1,0.0,0.04272,,,
01:38:18.161,82.6,77,746.5,0.0,0.042867,,,
01:38:18.204,83.3,80,742.4,0.0,0.043104,,,
01:38:18.244,83.9,80,788.6,0.0,0.040578,,,
01:38:18.286,84.1,80,764.8,0.0,0.041843,,,
01:38:18.329,84.1,80,760.8,0.0,0.042059,,,
01:38:18.371,84.4,80,750.0,0.0,0.042667,,,
01:38:18.414,84.6,78,747.8,0.0,0.042791,,,
01:38:18.457,84.6,78,743.8,0.0,0.043023,,,
01:38:18.500,84.8,78,746.4,0.0,0.042875,,,
01:38:18.543,84.9,78,740.2,0.0,0.04323,,,
01:38:18.586,85.1,78,740.2,0.0,0.043231,,,
01:38:18.629,80.5,76,750.1,0.0,0.04266,,,
01:38:18.631,,,,,,True,1,
01:38:18.662,80.6,76,274.7,96.549583,0.0,,,
01:38:18.705,81.3,76,753.2,0.0,0.075247,,,
01:38:18.750,76.2,76,700.4,0.0,0.045689,,,
01:38:18.752,,,,,,True,1,
01:38:18.783,76.3,76,271.7,96.670864,0.0,,,
01:38:18.825,75.5,78,760.9,0.0,0.075179,,,
01:38:18.827,,,,,,True,1,
01:38:18.857,75.7,78,276.8,96.745413,0.0,,,
01:38:18.900,75.8,78,775.5,0.0,0.073776,,,
01:38:18.943,76.3,78,738.3,0.0,0.043343,,,
01:38:18.985,77.0,78,750.4,0.0,0.042645,,,
01:38:19.027,77.5,77,753.4,0.0,0.042475,,,
01:38:19.070,77.8,77,752.7,0.0,0.042515,,,
01:38:19.112,77.8,77,757.8,0.0,0.04223,,,
01:38:19.154,78.3,77,756.2,0.0,0.042317,,,
01:38:19.197,78.6,77,754.6,0.0,0.042407,,,
01:38:19.241,78.6,77,727.5,0.0,0.043984,,,
01:38:19.284,78.8,77,748.6,0.0,0.042744,,,
01:38:19.326,73.7,77,748.4,0.0,0.042756,,,
01:38:19.329,,,,,,True,1,
01:38:19.359,73.8,77,275.1,97.246794,0.0,,,
01:38:19.403,74.0,78,774.3,0.0,0.074044,,,
01:38:19.445,74.5,78,723.3,0.0,0.044244,,,
01:38:19.487,75.2,78,758.6,0.0,0.042184,,,
01:38:19.529,75.3,78,763.3,0.0,0.041925,,,
01:38:19.571,75.7,78,764.5,0.0,0.041858,,,
01:38:19.612,75.8,77,765.0,0.0,0.041829,,,
01:38:19.654,76.3,77,760.2,0.0,0.042094,,,
01:38:19.699,77.2,77,718.6,0.0,0.044531,,,
01:38:19.742,77.6,77,747.2,0.0,0.042826,,,
01:38:19.785,78.0,77,750.8,0.0,0.04262,,,
01:38:19.827,78.0,74,753.0,0.0,0.042497,,,
01:38:19.869,78.5,74,760.8,0.0,0.042059,,,
01:38:19.911,78.8,74,758.9,0.0,0.042166,,,
01:38:19.954,78.8,74,753.9,0.0,0.042444,,,
01:38:19.997,78.6,74,748.2,0.0,0.042768,,,
01:38:19.999,,,,,,True,1,
01:38:20.031,78.8,77,257.2,97.919132,0.0,,,
01:38:20.073,79.0,77,769.1,0.0,0.076594,,,
01:38:20.116,79.1,77,746.6,0.0,0.042859,,,
01:38:20.160,79.6,77,737.4,0.0,0.043396,,,
01:38:20.203,75.0,79,731.3,0.0,0.043758,,,
01:38:20.206,,,,,,True,1,
01:38:20.237,75.2,79,265.2,98.12467,0.0,,,
01:38:20.280,75.3,79,753.6,0.0,0.076402,,,
01:38:20.323,75.7,79,746.1,0.0,0.042889,,,
01:38:20.365,75.8,79,754.2,0.0,0.042431,,,
01:38:20.407,75.8,77,761.2,0.0,0.042037,,,
01:38:20.409,,,,,,True,1,
01:38:20.439,76.0,77,275.6,98.327128,0.0,,,
01:38:20.481,76.3,77,777.7,0.0,0.073801,,,
01:38:20.523,76.8,77,755.9,0.0,0.042333,,,
01:38:20.565,77.2,77,754.0,0.0,0.04244,,,
01:38:20.607,77.3,78,763.3,0.0,0.041924,,,
01:38:20.649,77.8,78,763.0,0.0,0.041939,,,
01:38:20.691,78.1,78,764.1,0.0,0.041878,,,
01:38:20.733,78.1,78,762.4,0.0,0.041973,,,
01:38:20.775,78.5,78,757.7,0.0,0.042235,,,
01:38:20.818,78.6,76,745.9,0.0,0.0429,,,
01:38:20.861,78.8,76,746.0,0.0,0.042894,,,
01:38:20.904,79.3,76,750.8,0.0,0.042619,,,
01:38:20.947,80.0,76,743.1,0.0,0.043063,,,
01:38:20.990,80.1,76,749.2,0.0,0.04271,,,
01:38:21.032,80.5,75,750.7,0.0,0.042627,,,
01:38:21.075,80.6,75,748.7,0.0,0.04274,,,
01:38:21.118,81.3,75,750.6,0.0,0.042634,,,
01:38:21.161,81.6,75,745.1,0.0,0.042945,,,
01:38:21.203,82.1,80,751.3,0.0,0.04259,,,
01:38:21.246,82.5,80,750.4,0.0,0.042644,,,
01:38:21.288,82.6,80,756.9,0.0,0.042276,,,
01:38:21.330,83.1,80,755.2,0.0,0.042373,,,
01:38:21.373,83.4,80,750.6,0.0,0.042632,,,
01:38:21.415,83.4,77,754.1,0.0,0.042432,,,
01:38:21.459,83.8,77,744.3,0.0,0.042991,,,
01:38:21.502,83.9,77,741.2,0.0,0.043175,,,
01:38:21.545,84.1,77,742.4,0.0,0.043106,,,
01:38:21.587,84.6,77,752.8,0.0,0.042508,,,
01:38:21.630,85.3,76,752.6,0.0,0.042521,,,
01:38:21.672,85.4,76,751.6,0.0,0.042575,,,
01:38:21.715,85.8,76,751.3,0.0,0.042596,,,
01:38:21.758,85.9,76,738.6,0.0,0.043326,,,
01:38:21.802,85.3,80,731.3,0.0,0.043757,,,
01:38:21.805,,,,,,True,1,
01:38:21.835,85.4,80,272.1,99.722684,0.0,,,
01:38:21.878,85.8,80,752.4,0.0,0.0756,,,
01:38:21.922,81.3,80,731.5,0.0,0.043745,,,
01:38:21.924,,,,,,True,1,
01:38:21.954,81.5,80,272.3,99.841997,0.0,,,
01:38:21.996,81.8,80,769.8,0.0,0.074625,,,
01:38:22.040,82.0,76,723.9,0.0,0.044203,,,
01:38:22.083,82.5,76,745.1,0.0,0.042946,,,
01:38:22.126,82.6,76,742.8,0.0,0.043082,,,
01:38:22.169,82.6,76,752.5,0.0,0.042525,,,
01:38:22.211,79.8,78,748.7,0.0,0.042743,,,
01:38:22.214,,,,,,True,1,
01:38:22.244,80.0,78,274.6,100.131827,0.0,,,
01:38:22.285,80.1,78,777.6,0.0,0.073935,,,
01:38:22.328,80.5,78,757.1,0.0,0.042266,,,
01:38:22.370,75.5,78,756.9,0.0,0.042275,,,
01:38:22.372,,,,,,True,1,
01:38:22.402,75.7,79,276.6,100.290043,0.0,,,
01:38:22.444,76.3,79,777.9,0.0,0.073676,,,
01:38:22.486,75.0,79,753.7,0.0,0.042459,,,
01:38:22.488,,,,,,True,1,
01:38:22.518,75.2,79,276.6,100.406159,0.0,,,
01:38:22.560,75.5,79,783.4,0.0,0.073386,,,
01:38:22.602,75.7,79,751.6,0.0,0.042573,,,
01:38:22.644,76.2,79,758.6,0.0,0.042185,,,
01:38:22.686,76.5,79,756.5,0.0,0.042298,,,
01:38:22.729,77.0,79,760.5,0.0,0.042079,,,
01:38:22.770,77.5,79,763.1,0.0,0.041933,,,
01:38:22.813,77.6,77,755.6,0.0,0.04235,,,
01:38:22.856,78.1,77,748.9,0.0,0.042731,,,
01:38:22.898,78.3,77,752.6,0.0,0.042518,,,
01:38:22.941,78.3,77,745.3,0.0,0.042938,,,
01:38:22.984,78.8,77,751.3,0.0,0.042593,,,
01:38:23.026,78.6,75,758.0,0.0,0.042218,,,
01:38:23.028,,,,,,True,1,
01:38:23.058,78.8,75,275.3,100.946095,0.0,,,
01:38:23.100,79.1,75,769.6,0.0,0.074271,,,
01:38:23.143,79.5,75,749.5,0.0,0.042696,,,
01:38:23.185,80.1,75,752.0,0.0,0.042553,,,
01:38:23.228,80.3,78,755.6,0.0,0.042353,,,
01:38:23.270,80.6,78,758.1,0.0,0.04221,,,
01:38:23.312,80.8,78,758.8,0.0,0.042169,,,
01:38:23.354,81.1,78,754.0,0.0,0.04244,,,
01:38:23.401,81.6,78,745.5,0.0,0.042922,,,
01:38:23.444,82.1,78,688.8,0.0,0.04646,,,
01:38:23.487,80.6,78,747.6,0.0,0.042804,,,
01:38:23.489,,,,,,True,1,
01:38:23.519,80.8,78,276.2,101.40685,0.0,,,
01:38:23.562,78.0,78,763.2,0.0,0.074511,,,
01:38:23.563,,,,,,True,1,
01:38:23.593,78.1,78,276.2,101.48135,0.0,,,
01:38:23.636,78.6,76,752.5,0.0,0.075116,,,
01:38:23.680,78.8,76,732.7,0.0,0.043675,,,
01:38:23.723,78.8,76,744.1,0.0,0.043004,,,
01:38:23.766,79.3,76,746.4,0.0,0.042871,,,
01:38:23.809,78.8,79,747.4,0.0,0.042818,,,
01:38:23.811,,,,,,True,1,
01:38:23.842,79.0,79,272.2,101.729292,0.0,,,
01:38:23.883,79.3,79,769.7,0.0,0.074639,,,
01:38:23.926,78.0,79,750.7,0.0,0.042628,,,
01:38:23.928,,,,,,True,1,
01:38:23.958,78.1,79,276.8,101.845992,0.0,,,
01:38:24.001,78.6,78,760.4,0.0,0.074601,,,
01:38:24.044,78.8,78,739.1,0.0,0.043293,,,
01:38:24.086,79.1,78,755.9,0.0,0.042332,,,
01:38:24.129,79.3,78,754.1,0.0,0.042434,,,
01:38:24.171,79.6,78,751.7,0.0,0.042573,,,
01:38:24.214,80.3,77,746.7,0.0,0.042857,,,
01:38:24.258,80.8,77,740.9,0.0,0.043192,,,
01:38:24.301,81.5,77,739.0,0.0,0.0433,,,
01:38:24.344,81.6,77,741.2,0.0,0.043174,,,
01:38:24.387,82.1,77,745.7,0.0,0.042912,,,
01:38:24.429,82.3,75,750.3,0.0,0.04265,,,
01:38:24.472,82.3,75,752.7,0.0,0.042516,,,
01:38:24.514,82.6,75,751.2,0.0,0.042599,,,
01:38:24.558,82.8,75,745.1,0.0,0.042946,,,
01:38:24.601,82.9,80,740.6,0.0,0.043205,,,
01:38:24.645,83.4,80,715.3,0.0,0.044734,,,
01:38:24.688,83.9,80,752.5,0.0,0.042523,,,
01:38:24.730,84.1,80,750.1,0.0,0.042663,,,
01:38:24.773,84.4,80,747.8,0.0,0.04279,,,
01:38:24.817,84.6,76,742.6,0.0,0.043094,,,
01:38:24.861,79.6,76,729.9,0.0,0.043842,,,
01:38:24.863,,,,,,True,1,
01:38:24.893,79.8,76,269.7,102.781035,0.0,,,
01:38:24.935,80.5,76,768.7,0.0,0.075,,,
01:38:24.978,81.0,76,747.4,0.0,0.042815,,,
01:38:25.021,81.6,77,742.8,0.0,0.04308,,,
01:38:25.064,81.8,77,742.2,0.0,0.043116,,,
01:38:25.107,82.1,77,752.8,0.0,0.042507,,,
01:38:25.149,82.3,77,755.2,0.0,0.042372,,,
01:38:25.192,82.3,77,753.3,0.0,0.042482,,,
01:38:25.234,82.8,76,751.1,0.0,0.042602,,,
01:38:25.278,82.9,76,739.0,0.0,0.043304,,,
01:38:25.321,83.1,76,742.9,0.0,0.043074,,,
01:38:25.364,83.6,76,744.5,0.0,0.042984,,,
01:38:25.406,84.1,80,749.9,0.0,0.042674,,,
01:38:25.450,79.0,80,741.4,0.0,0.043161,,,
01:38:25.452,,,,,,True,1,
01:38:25.482,79.1,80,274.5,103.369603,0.0,,,
01:38:25.524,79.5,80,770.7,0.0,0.074309,,,
01:38:25.566,79.6,80,756.7,0.0,0.042288,,,
01:38:25.608,80.0,78,755.2,0.0,0.042371,,,
01:38:25.651,80.6,78,752.1,0.0,0.042547,,,
01:38:25.693,81.0,78,756.4,0.0,0.042304,,,
01:38:25.736,81.6,78,753.6,0.0,0.042462,,,
01:38:25.779,81.8,78,749.8,0.0,0.042679,,,
01:38:25.822,82.3,76,741.2,0.0,0.043173,,,
01:38:25.865,82.5,76,741.8,0.0,0.04314,,,
01:38:25.909,82.5,76,714.5,0.0,0.044784,,,
01:38:25.953,82.9,76,740.4,0.0,0.043218,,,
01:38:25.997,83.1,76,730.3,0.0,0.043818,,,
01:38:26.040,83.3,76,738.1,0.0,0.043355,,,
01:38:26.083,83.8,76,738.8,0.0,0.043313,,,
01:38:26.126,84.3,76,741.6,0.0,0.04315,,,
01:38:26.169,84.4,76,751.6,0.0,0.042578,,,
01:38:26.211,84.8,78,751.9,0.0,0.042557,,,
01:38:26.254,84.9,78,745.1,0.0,0.042948,,,
01:38:26.298,85.3,78,731.9,0.0,0.04372,,,
01:38:26.342,85.9,78,734.5,0.0,0.043569,,,
01:38:26.385,86.3,78,739.6,0.0,0.043264,,,
01:38:26.428,86.9,75,744.2,0.0,0.043,,,
01:38:26.471,87.1,75,746.0,0.0,0.042893,,,
01:38:26.514,87.6,75,744.2,0.0,0.042997,,,
01:38:26.558,87.7,75,737.7,0.0,0.043375,,,
01:38:26.601,82.5,80,730.6,0.0,0.043802,,,
01:38:26.603,,,,,,True,1,
01:38:26.634,82.6,80,273.3,104.521343,0.0,,,
01:38:26.676,83.1,80,763.5,0.0,0.074846,,,
01:38:26.719,83.3,80,745.7,0.0,0.042913,,,
01:38:26.762,83.4,80,743.8,0.0,0.043025,,,
01:38:26.805,83.9,78,745.1,0.0,0.042948,,,
01:38:26.848,74.5,78,744.2,0.0,0.042997,,,
01:38:26.850,,,,,,True,2,
01:38:26.880,74.8,78,548.9,104.767913,0.0,,,
01:38:26.922,74.8,78,773.7,0.0,0.074152,,,
01:38:26.965,75.2,78,749.9,0.0,0.04267,,,
01:38:27.007,75.5,77,759.9,0.0,0.042113,,,
01:38:27.049,71.2,77,759.1,0.0,0.042154,,,
01:38:27.051,,,,,,True,1,
01:38:27.081,71.4,77,273.7,104.969061,0.0,,,
01:38:27.123,71.9,77,779.8,0.0,0.073923,,,
01:38:27.164,72.2,77,765.9,0.0,0.041783,,,
01:38:27.206,72.7,78,767.3,0.0,0.041706,,,
01:38:27.248,73.2,78,768.9,0.0,0.041619,,,
01:38:27.289,73.7,78,768.7,0.0,0.041628,,,
01:38:27.331,73.8,78,766.7,0.0,0.041739,,,
01:38:27.373,73.8,78,764.8,0.0,0.041841,,,
01:38:27.415,74.5,76,763.5,0.0,0.041914,,,
01:38:27.458,74.7,76,754.2,0.0,0.042429,,,
01:38:27.500,74.8,76,747.0,0.0,0.042836,,,
01:38:27.542,75.3,76,757.9,0.0,0.042224,,,
01:38:27.584,75.3,76,766.9,0.0,0.041729,,,
01:38:27.586,,,,,,True,1,
01:38:27.617,75.5,76,275.9,105.504146,0.0,,,
01:38:27.658,75.5,76,780.6,0.0,0.073614,,,
01:38:27.701,75.8,76,752.5,0.0,0.042526,,,
01:38:27.743,76.2,76,751.6,0.0,0.042574,,,
01:38:27.785,76.5,76,757.1,0.0,0.042266,,,
01:38:27.827,77.0,77,760.4,0.0,0.042081,,,
01:38:27.869,77.3,77,762.6,0.0,0.04196,,,
01:38:27.912,76.0,77,757.5,0.0,0.042242,,,
01:38:27.914,,,,,,True,1,
01:38:27.944,76.2,77,270.9,105.831986,0.0,,,
01:38:27.986,76.8,77,779.4,0.0,0.074277,,,
01:38:28.028,77.3,78,755.2,0.0,0.042374,,,
01:38:28.071,66.9,78,755.7,0.0,0.042343,,,
01:38:28.073,,,,,,True,2,
01:38:28.103,67.2,78,550.3,105.990452,0.0,,,
01:38:28.143,67.2,78,799.9,0.0,0.072712,,,
01:38:28.184,67.5,78,775.1,0.0,0.041285,,,
01:38:28.226,67.7,78,773.5,0.0,0.04137,,,
01:38:28.267,67.9,78,775.5,0.0,0.041264,,,
01:38:28.308,68.2,78,772.3,0.0,0.041436,,,
01:38:28.350,68.5,78,775.3,0.0,0.041272,,,
01:38:28.391,68.5,78,773.7,0.0,0.041358,,,
01:38:28.433,69.2,76,765.3,0.0,0.041816,,,
01:38:28.476,69.5,76,754.5,0.0,0.04241,,,
01:38:28.518,69.9,76,756.1,0.0,0.04232,,,
01:38:28.560,70.4,76,761.2,0.0,0.042038,,,
01:38:28.602,70.7,79,765.1,0.0,0.041825,,,
01:38:28.643,71.2,79,767.1,0.0,0.041714,,,
01:38:28.685,71.9,79,761.6,0.0,0.042017,,,
01:38:28.727,72.4,79,760.9,0.0,0.042055,,,
01:38:28.769,72.5,79,767.4,0.0,0.0417,,,
01:38:28.811,72.5,76,765.0,0.0,0.041827,,,
01:38:28.853,72.8,76,758.0,0.0,0.042215,,,
01:38:28.895,73.0,76,761.9,0.0,0.042,,,
01:38:28.937,73.2,76,760.6,0.0,0.04207,,,
01:38:28.980,73.5,76,754.6,0.0,0.042406,,,
01:38:29.022,73.8,75,759.0,0.0,0.04216,,,
01:38:29.064,68.5,75,759.3,0.0,0.042145,,,
01:38:29.066,,,,,,True,1,
01:38:29.096,68.7,75,275.4,106.983803,0.0,,,
01:38:29.138,69.4,75,786.0,0.0,0.073392,,,
01:38:29.181,69.7,75,735.8,0.0,0.043491,,,
01:38:29.223,70.0,77,764.6,0.0,0.041853,,,
01:38:29.264,70.5,77,770.4,0.0,0.041538,,,
01:38:29.306,70.7,77,772.4,0.0,0.041429,,,
01:38:29.347,71.2,77,769.8,0.0,0.041568,,,
01:38:29.389,71.9,77,769.0,0.0,0.041613,,,
01:38:29.430,72.5,76,767.7,0.0,0.041682,,,
01:38:29.472,72.7,76,769.4,0.0,0.041592,,,
01:38:29.514,71.9,76,764.5,0.0,0.041855,,,
01:38:29.516,,,,,,True,1,
01:38:29.546,72.0,76,273.7,107.434004,0.0,,,
01:38:29.587,72.4,76,794.7,0.0,0.073154,,,
01:38:29.628,72.5,78,770.7,0.0,0.041522,,,
01:38:29.671,72.7,78,757.9,0.0,0.04222,,,
01:38:29.713,73.0,78,761.3,0.0,0.042032,,,
01:38:29.755,73.3,78,760.7,0.0,0.042065,,,
01:38:29.799,73.3,79,759.6,0.0,0.042127,,,
01:38:29.841,72.0,79,729.6,0.0,0.043861,,,
01:38:29.843,,,,,,True,1,
01:38:29.874,72.2,79,271.2,107.761271,0.0,,,
01:38:29.915,72.7,79,780.1,0.0,0.07421,,,
01:38:29.958,73.0,79,758.8,0.0,0.042174,,,
01:38:30.000,73.5,78,751.5,0.0,0.042583,,,
01:38:30.042,71.0,78,755.1,0.0,0.04238,,,
01:38:30.044,,,,,,True,1,
01:38:30.074,71.2,78,275.0,107.962139,0.0,,,
01:38:30.116,71.7,78,785.6,0.0,0.073461,,,
01:38:30.158,72.2,78,759.0,0.0,0.042159,,,
01:38:30.200,72.7,78,761.7,0.0,0.042009,,,
01:38:30.243,73.0,78,743.9,0.0,0.043017,,,
01:38:30.285,73.0,78,751.8,0.0,0.042562,,,
01:38:30.327,73.3,78,761.2,0.0,0.042041,,,
01:38:30.369,73.5,78,760.9,0.0,0.042058,,,
01:38:30.411,68.4,76,765.2,0.0,0.041821,,,
01:38:30.414,,,,,,True,1,
01:38:30.444,68.5,76,273.9,108.331376,0.0,,,
01:38:30.484,68.9,76,796.8,0.0,0.073016,,,
01:38:30.526,69.2,76,771.7,0.0,0.041467,,,
01:38:30.567,69.2,76,773.3,0.0,0.04138,,,
01:38:30.608,69.9,79,773.6,0.0,0.041368,,,
01:38:30.650,70.2,79,772.9,0.0,0.041402,,,
01:38:30.691,70.5,79,769.2,0.0,0.041601,,,
01:38:30.733,71.0,79,769.2,0.0,0.041602,,,
01:38:30.775,71.4,79,761.0,0.0,0.042049,,,
01:38:30.818,71.9,76,759.4,0.0,0.042138,,,
01:38:30.860,72.4,76,758.1,0.0,0.042209,,,
01:38:30.902,72.8,76,757.1,0.0,0.042269,,,
01:38:30.944,73.2,76,758.5,0.0,0.042186,,,
01:38:30.986,73.2,76,761.4,0.0,0.04203,,,
01:38:31.028,73.5,75,763.8,0.0,0.041896,,,
01:38:31.070,73.7,75,759.2,0.0,0.042152,,,
01:38:31.112,73.8,75,765.4,0.0,0.04181,,,
01:38:31.154,74.2,75,761.5,0.0,0.042024,,,
01:38:31.199,74.5,79,760.4,0.0,0.042081,,,
01:38:31.241,74.5,79,717.0,0.0,0.044629,,,
01:38:31.283,75.2,79,760.9,0.0,0.042053,,,
01:38:31.324,75.5,79,765.9,0.0,0.041783,,,
01:38:31.366,75.8,79,766.2,0.0,0.041764,,,
01:38:31.408,76.3,77,763.9,0.0,0.041892,,,
01:38:31.450,76.7,77,757.9,0.0,0.04222,,,
01:38:31.493,77.2,77,757.9,0.0,0.042223,,,
01:38:31.535,77.6,77,756.8,0.0,0.042283,,,
01:38:31.577,78.1,77,754.1,0.0,0.042433,,,
01:38:31.620,78.5,76,758.4,0.0,0.042196,,,
01:38:31.662,73.2,76,754.9,0.0,0.042391,,,
01:38:31.664,,,,,,True,1,
01:38:31.694,73.3,76,273.9,109.581906,0.0,,,
01:38:31.736,73.7,76,783.6,0.0,0.073692,,,
01:38:31.778,68.5,76,754.5,0.0,0.042412,,,
01:38:31.780,,,,,,True,1,
01:38:31.810,68.7,78,273.9,109.697998,0.0,,,
01:38:31.851,68.9,78,799.5,0.0,0.072886,,,
01:38:31.893,69.2,78,766.0,0.0,0.041776,,,
01:38:31.935,64.1,78,762.5,0.0,0.041968,,,
01:38:31.937,,,,,,True,1,
01:38:31.968,64.2,78,269.3,109.85517,0.0,,,
01:38:32.008,64.2,80,794.4,0.0,0.073702,,,
01:38:32.049,64.7,80,776.8,0.0,0.041194,,,
01:38:32.091,65.2,80,773.6,0.0,0.041367,,,
01:38:32.133,65.6,80,769.7,0.0,0.041575,,,
01:38:32.174,66.1,80,767.6,0.0,0.041689,,,
01:38:32.216,66.4,76,772.2,0.0,0.041443,,,
01:38:32.257,66.9,76,776.5,0.0,0.04121,,,
01:38:32.299,67.5,76,769.1,0.0,0.041605,,,
01:38:32.340,68.0,76,767.1,0.0,0.041716,,,
01:38:32.384,68.4,76,743.0,0.0,0.04307,,,
01:38:32.427,68.4,74,726.1,0.0,0.044069,,,
01:38:32.469,68.7,74,765.4,0.0,0.041807,,,
01:38:32.511,68.9,74,764.9,0.0,0.041834,,,
01:38:32.553,69.0,74,760.7,0.0,0.042064,,,
01:38:32.598,69.4,77,729.1,0.0,0.043887,,,
01:38:32.640,69.5,77,741.8,0.0,0.043139,,,
01:38:32.682,68.5,77,767.7,0.0,0.041681,,,
01:38:32.684,,,,,,True,1,
01:38:32.714,68.7,77,276.0,110.601392,0.0,,,
01:38:32.755,69.2,77,789.1,0.0,0.073161,,,
01:38:32.798,69.7,77,765.5,0.0,0.041803,,,
01:38:32.840,70.0,77,740.0,0.0,0.043242,,,
01:38:32.882,70.5,77,762.0,0.0,0.041994,,,
01:38:32.925,70.9,77,738.7,0.0,0.043319,,,
01:38:32.967,71.4,77,764.9,0.0,0.041836,,,
01:38:33.009,72.0,76,769.8,0.0,0.041567,,,
01:38:33.050,72.5,76,768.0,0.0,0.041666,,,
01:38:33.092,72.8,76,765.5,0.0,0.041804,,,
01:38:33.134,72.8,76,765.4,0.0,0.041809,,,
01:38:33.176,73.2,76,760.3,0.0,0.042086,,,
01:38:33.218,73.3,76,755.6,0.0,0.042351,,,
01:38:33.260,73.5,76,761.4,0.0,0.042029,,,
01:38:33.302,73.8,76,769.2,0.0,0.041604,,,
01:38:33.344,74.0,76,767.9,0.0,0.041673,,,
01:38:33.385,74.0,76,767.0,0.0,0.041723,,,
01:38:33.429,74.5,76,734.1,0.0,0.043589,,,
01:38:33.471,75.0,76,757.0,0.0,0.04227,,,
01:38:33.514,75.3,76,753.7,0.0,0.042458,,,
01:38:33.553,75.8,76,798.4,0.0,0.040082,,,
01:38:33.594,76.2,76,792.3,0.0,0.040388,,,
01:38:33.637,76.0,80,754.1,0.0,0.042433,,,
01:38:33.640,,,,,,True,1,
01:38:33.675,76.2,80,232.2,111.562412,0.0,,,
01:38:33.718,76.8,80,760.0,0.0,0.080865,,,
01:38:33.760,77.3,80,752.5,0.0,0.042526,,,
01:38:33.802,77.6,77,755.0,0.0,0.042386,,,
01:38:33.844,77.6,77,763.0,0.0,0.041939,,,
01:38:33.886,78.0,77,756.8,0.0,0.042282,,,
01:38:33.929,78.1,77,760.3,0.0,0.042089,,,
01:38:33.971,78.3,77,756.8,0.0,0.042286,,,
01:38:34.014,78.8,76,748.7,0.0,0.04274,,,
01:38:34.057,79.0,76,747.3,0.0,0.042819,,,
01:38:34.099,77.3,76,749.4,0.0,0.0427,,,
01:38:34.102,,,,,,True,1,
01:38:34.132,77.5,76,273.0,112.019227,0.0,,,
01:38:34.174,78.0,76,765.5,0.0,0.074765,,,
01:38:34.217,78.3,77,751.6,0.0,0.042575,,,
01:38:34.259,78.6,77,755.9,0.0,0.042331,,,
01:38:34.301,79.1,77,752.4,0.0,0.042529,,,
01:38:34.343,79.5,77,763.4,0.0,0.041917,,,
01:38:34.385,78.3,77,758.6,0.0,0.042181,,,
01:38:34.388,,,,,,True,1,
01:38:34.418,78.5,76,277.3,112.305002,0.0,,,
01:38:34.460,79.1,76,770.5,0.0,0.073989,,,
01:38:34.503,79.8,76,741.4,0.0,0.04316,,,
01:38:34.546,80.1,76,735.9,0.0,0.043485,,,
01:38:34.588,80.1,76,755.5,0.0,0.042358,,,
01:38:34.631,80.5,77,760.5,0.0,0.042077,,,
01:38:34.674,75.3,77,743.5,0.0,0.043042,,,
01:38:34.676,,,,,,True,1,
01:38:34.706,75.5,77,271.0,112.593852,0.0,,,
01:38:34.747,75.7,77,790.2,0.0,0.073709,,,
01:38:34.789,76.2,77,763.5,0.0,0.04191,,,
01:38:34.832,76.3,78,753.9,0.0,0.042445,,,
01:38:34.875,71.0,78,741.9,0.0,0.043133,,,
01:38:34.877,,,,,,True,1,
01:38:34.908,71.2,78,269.4,112.795206,0.0,,,
01:38:34.949,71.4,78,788.7,0.0,0.073986,,,
01:38:34.990,71.7,78,766.7,0.0,0.041738,,,
01:38:35.036,72.0,77,714.2,0.0,0.044806,,,
01:38:35.078,72.7,77,755.1,0.0,0.04238,,,
01:38:35.120,72.8,77,761.3,0.0,0.042031,,,
01:38:35.162,68.0,77,761.5,0.0,0.042024,,,
01:38:35.164,,,,,,True,1,
01:38:35.197,68.2,78,275.4,113.081422,0.0,,,
01:38:35.239,63.6,78,731.9,0.0,0.076405,,,
01:38:35.240,,,,,,True,1,
01:38:35.270,63.7,78,274.0,113.15797,0.0,,,
01:38:35.311,64.6,78,794.7,0.0,0.073112,,,
01:38:35.352,64.9,78,775.1,0.0,0.041284,,,
01:38:35.394,64.9,78,777.8,0.0,0.041144,,,
01:38:35.435,65.1,76,773.3,0.0,0.041382,,,
01:38:35.477,62.9,76,773.9,0.0,0.041351,,,
01:38:35.479,,,,,,True,1,
01:38:35.509,63.1,76,273.2,113.396319,0.0,,,
01:38:35.549,62.4,76,806.5,0.0,0.072618,,,
01:38:35.551,,,,,,True,1,
01:38:35.580,62.6,76,282.5,113.467833,0.0,,,
01:38:35.621,57.9,78,802.8,0.0,0.071712,,,
01:38:35.623,,,,,,True,1,
01:38:35.653,58.1,78,275.3,113.540365,0.0,,,
01:38:35.694,58.4,78,803.3,0.0,0.072526,,,
01:38:35.735,58.4,78,780.0,0.0,0.041027,,,
01:38:35.776,58.6,78,776.3,0.0,0.041223,,,
01:38:35.817,58.9,77,782.4,0.0,0.0409,,,
01:38:35.858,59.1,77,780.3,0.0,0.04101,,,
01:38:35.899,59.9,77,778.9,0.0,0.041086,,,
01:38:35.942,60.3,77,734.5,0.0,0.043567,,,
01:38:35.984,60.9,77,765.1,0.0,0.041824,,,
01:38:36.025,61.4,74,773.4,0.0,0.041376,,,
01:38:36.067,62.1,74,775.7,0.0,0.041251,,,
01:38:36.108,62.4,74,779.5,0.0,0.041052,,,
01:38:36.148,62.4,74,781.0,0.0,0.040972,,,
01:38:36.189,62.6,74,782.6,0.0,0.040887,,,
01:38:36.234,62.6,77,719.8,0.0,0.044456,,,
01:38:36.276,62.7,77,761.4,0.0,0.04203,,,
01:38:36.318,63.4,77,766.4,0.0,0.041756,,,
01:38:36.360,63.7,77,765.0,0.0,0.041832,,,
01:38:36.401,63.7,78,772.1,0.0,0.041445,,,
01:38:36.442,63.9,78,777.7,0.0,0.041149,,,
01:38:36.483,64.2,78,778.5,0.0,0.041102,,,
01:38:36.525,64.4,78,772.9,0.0,0.0414,,,
01:38:36.566,65.2,78,773.4,0.0,0.041375,,,
01:38:36.607,65.6,76,773.4,0.0,0.041377,,,
01:38:36.649,66.2,76,775.5,0.0,0.041265,,,
01:38:36.690,66.7,76,769.5,0.0,0.041584,,,
01:38:36.732,67.4,76,765.3,0.0,0.041812,,,
01:38:36.774,67.7,76,765.9,0.0,0.041779,,,
01:38:36.816,67.7,75,761.5,0.0,0.042024,,,
01:38:36.858,67.9,75,767.7,0.0,0.041684,,,
01:38:36.900,64.7,75,760.9,0.0,0.042053,,,
01:38:36.902,,,,,,True,1,
01:38:36.932,64.9,75,273.6,114.819376,0.0,,,
01:38:36.973,65.1,75,794.6,0.0,0.07317,,,
01:38:37.015,65.7,77,770.1,0.0,0.041555,,,
01:38:37.056,66.1,77,772.3,0.0,0.041437,,,
01:38:37.097,66.1,77,771.9,0.0,0.041455,,,
01:38:37.139,66.2,77,766.9,0.0,0.041728,,,
01:38:37.181,66.6,77,766.0,0.0,0.041775,,,
01:38:37.222,66.7,76,778.9,0.0,0.041083,,,
01:38:37.263,67.5,76,777.1,0.0,0.041181,,,
01:38:37.304,67.9,76,776.0,0.0,0.041236,,,
01:38:37.345,68.5,76,778.6,0.0,0.041099,,,
01:38:37.387,69.0,76,776.8,0.0,0.041194,,,
01:38:37.430,69.7,76,735.5,0.0,0.043506,,,
01:38:37.473,68.5,76,756.5,0.0,0.042298,,,
01:38:37.475,,,,,,True,1,
01:38:37.505,68.7,76,269.5,115.392572,0.0,,,
01:38:37.546,68.7,76,800.0,0.0,0.073392,,,
01:38:37.587,68.9,76,774.1,0.0,0.041337,,,
01:38:37.628,68.9,78,773.2,0.0,0.041386,,,
01:38:37.670,69.0,78,768.9,0.0,0.041617,,,
01:38:37.711,69.7,78,771.2,0.0,0.041494,,,
01:38:37.753,70.0,78,771.1,0.0,0.041501,,,
01:38:37.797,70.0,79,765.4,0.0,0.041809,,,
01:38:37.838,70.4,79,737.5,0.0,0.043388,,,
01:38:37.880,70.7,79,764.6,0.0,0.041854,,,
01:38:37.922,70.9,79,771.4,0.0,0.041482,,,
01:38:37.963,71.7,79,768.5,0.0,0.041637,,,
01:38:38.005,70.4,77,767.0,0.0,0.041721,,,
01:38:38.007,,,,,,True,1,
01:38:38.037,70.5,77,274.9,115.92452,0.0,,,
01:38:38.079,71.2,77,786.6,0.0,0.073424,,,
01:38:38.120,71.5,77,758.7,0.0,0.042179,,,
01:38:38.162,72.2,77,770.2,0.0,0.041546,,,
01:38:38.203,72.5,78,771.7,0.0,0.041469,,,
01:38:38.245,72.5,78,771.9,0.0,0.041458,,,
01:38:38.286,72.7,78,772.6,0.0,0.041417,,,
01:38:38.328,72.7,78,773.0,0.0,0.041399,,,
01:38:38.369,73.0,78,768.0,0.0,0.041668,,,
01:38:38.414,73.7,76,722.4,0.0,0.044298,,,
01:38:38.457,74.0,76,752.8,0.0,0.042507,,,
01:38:38.499,74.0,76,759.9,0.0,0.042109,,,
01:38:38.540,74.3,76,764.4,0.0,0.041861,,,
01:38:38.582,74.7,76,766.5,0.0,0.041748,,,
01:38:38.625,74.8,75,747.8,0.0,0.042793,,,
01:38:38.668,75.5,75,748.0,0.0,0.042779,,,
01:38:38.710,75.8,75,758.5,0.0,0.042191,,,
01:38:38.753,76.5,75,747.0,0.0,0.042836,,,
01:38:38.796,76.8,78,744.4,0.0,0.042988,,,
01:38:38.841,76.3,78,716.0,0.0,0.044695,,,
01:38:38.843,,,,,,True,1,
01:38:38.874,76.5,78,267.2,116.760803,0.0,,,
01:38:38.916,76.8,78,763.0,0.0,0.075618,,,
01:38:38.959,76.8,78,740.2,0.0,0.043232,,,
01:38:39.002,77.0,76,750.2,0.0,0.042657,,,
01:38:39.045,77.0,76,743.6,0.0,0.043035,,,
01:38:39.088,77.3,76,743.4,0.0,0.043048,,,
01:38:39.132,78.0,76,732.5,0.0,0.043684,,,
01:38:39.175,78.3,76,738.3,0.0,0.043343,,,
01:38:39.219,78.5,73,739.4,0.0,0.043276,,,
01:38:39.262,78.8,73,738.5,0.0,0.043333,,,
01:38:39.304,78.6,73,751.8,0.0,0.042564,,,
01:38:39.306,,,,,,True,1,
01:38:39.336,78.8,73,275.6,117.223547,0.0,,,
01:38:39.378,79.0,73,776.6,0.0,0.07386,,,
01:38:39.421,79.5,77,748.8,0.0,0.042734,,,
01:38:39.463,79.8,77,750.9,0.0,0.042616,,,
01:38:39.506,80.5,77,751.1,0.0,0.042606,,,
01:38:39.548,80.8,77,756.4,0.0,0.042307,,,
01:38:39.591,81.5,77,747.4,0.0,0.042812,,,
01:38:39.635,81.8,77,739.0,0.0,0.043303,,,
01:38:39.678,82.0,77,743.1,0.0,0.043064,,,
01:38:39.720,82.1,77,745.3,0.0,0.042933,,,
01:38:39.763,82.1,77,753.5,0.0,0.042469,,,
01:38:39.805,82.3,79,751.3,0.0,0.042594,,,
01:38:39.848,82.9,79,748.1,0.0,0.042773,,,
01:38:39.891,83.3,79,743.5,0.0,0.043039,,,
01:38:39.934,83.4,79,746.3,0.0,0.042877,,,
01:38:39.978,83.8,79,736.6,0.0,0.043446,,,
01:38:40.021,84.1,75,741.7,0.0,0.043144,,,
01:38:40.064,84.3,75,741.8,0.0,0.043139,,,
01:38:40.107,84.8,75,745.3,0.0,0.042935,,,
01:38:40.149,85.1,75,747.8,0.0,0.042795,,,
01:38:40.196,85.8,78,733.4,0.0,0.043632,,,
01:38:40.240,86.1,78,680.6,0.0,0.04702,,,
01:38:40.284,86.8,78,727.3,0.0,0.044,,,
01:38:40.327,87.1,78,738.7,0.0,0.04332,,,
01:38:40.371,87.3,78,738.6,0.0,0.043324,,,
01:38:40.414,87.4,75,738.1,0.0,0.043357,,,
01:38:40.458,87.4,75,737.5,0.0,0.043389,,,
01:38:40.501,87.6,75,738.7,0.0,0.043319,,,
01:38:40.545,88.2,75,725.0,0.0,0.044136,,,
01:38:40.588,88.6,75,740.1,0.0,0.043235,,,
01:38:40.635,88.7,75,685.6,0.0,0.046677,,,
01:38:40.679,89.1,75,732.7,0.0,0.043672,,,
01:38:40.722,89.4,75,738.8,0.0,0.043313,,,
01:38:40.765,89.6,75,736.5,0.0,0.043447,,,
01:38:40.809,90.1,78,737.7,0.0,0.04338,,,
01:38:40.855,90.4,78,694.7,0.0,0.046061,,,
01:38:40.899,91.1,78,720.9,0.0,0.044388,,,
01:38:40.945,91.4,78,700.0,0.0,0.045714,,,
01:38:40.989,92.1,78,732.7,0.0,0.043674,,,
01:38:41.035,92.4,73,689.9,0.0,0.046381,,,
01:38:41.079,92.5,73,730.0,0.0,0.043836,,,
01:38:41.122,92.7,73,737.7,0.0,0.04338,,,
01:38:41.166,92.7,73,735.8,0.0,0.043488,,,
01:38:41.209,92.9,79,739.9,0.0,0.043251,,,
01:38:41.253,90.2,79,732.2,0.0,0.043703,,,
01:38:41.255,,,,,,True,1,
01:38:41.286,90.4,79,268.8,119.172895,0.0,,,
01:38:41.328,90.7,79,761.1,0.0,0.075523,,,
01:38:41.372,90.9,79,734.8,0.0,0.043547,,,
01:38:41.416,85.9,77,728.0,0.0,0.043954,,,
01:38:41.418,,,,,,True,1,
01:38:41.448,86.1,77,270.5,119.335695,0.0,,,
01:38:41.491,86.4,77,765.7,0.0,0.075063,,,
01:38:41.534,86.6,77,740.8,0.0,0.043196,,,
01:38:41.578,81.8,77,740.0,0.0,0.043246,,,
01:38:41.580,,,,,,True,1,
01:38:41.610,82.0,78,273.1,119.49687,0.0,,,
01:38:41.652,82.3,78,771.2,0.0,0.074452,,,
01:38:41.695,82.9,78,742.8,0.0,0.043078,,,
01:38:41.738,83.1,78,750.8,0.0,0.042619,,,
01:38:41.780,83.8,78,739.8,0.0,0.043255,,,
01:38:41.823,84.1,78,751.4,0.0,0.042587,,,
01:38:41.866,84.3,78,752.7,0.0,0.042516,,,
01:38:41.908,84.4,78,750.3,0.0,0.042652,,,
01:38:41.954,84.6,78,711.5,0.0,0.044973,,,
01:38:41.997,84.8,80,741.7,0.0,0.043141,,,
01:38:42.040,85.4,80,740.0,0.0,0.043244,,,
01:38:42.083,85.8,80,744.2,0.0,0.042996,,,
01:38:42.126,85.9,80,743.1,0.0,0.043061,,,
01:38:42.171,86.3,80,712.3,0.0,0.044923,,,
01:38:42.214,86.6,75,740.6,0.0,0.043208,,,
01:38:42.257,86.8,75,742.0,0.0,0.043127,,,
01:38:42.300,87.3,75,741.0,0.0,0.043187,,,
01:38:42.479,87.6,59,178.7,0.0,0.179057,,,
01:38:42.523,88.2,59,734.9,0.0,0.043546,,,
01:38:42.566,88.4,59,740.2,0.0,0.043234,,,
01:38:42.612,89.1,43,706.7,0.0,0.045283,,,
01:38:42.655,89.4,43,733.8,0.0,0.043611,,,
01:38:42.698,89.6,43,738.0,0.0,0.043359,,,
01:38:42.741,89.7,43,741.2,0.0,0.043171,,,
01:38:42.786,89.9,43,711.3,0.0,0.044991,,,
01:38:42.829,90.1,75,742.0,0.0,0.043126,,,
01:38:42.874,85.4,75,724.9,0.0,0.044144,,,
01:38:42.876,,,,,,True,1,
01:38:42.907,85.6,75,269.1,120.793876,0.0,,,
01:38:42.952,85.9,75,725.4,0.0,0.077559,,,
01:38:42.996,86.1,80,719.1,0.0,0.0445,,,
01:38:43.039,86.4,80,734.7,0.0,0.043554,,,
01:38:43.082,81.5,80,743.8,0.0,0.04302,,,
01:38:43.085,,,,,,True,1,
01:38:43.115,81.6,80,274.6,121.001828,0.0,,,
01:38:43.157,81.6,80,765.0,0.0,0.074613,,,
01:38:43.200,82.1,78,743.7,0.0,0.04303,,,
01:38:43.242,82.5,78,753.4,0.0,0.042472,,,
01:38:43.285,83.3,78,752.2,0.0,0.042543,,,
01:38:43.328,83.3,78,750.5,0.0,0.04264,,,
01:38:43.371,83.9,78,735.2,0.0,0.043524,,,
01:38:43.415,84.3,76,738.2,0.0,0.043348,,,
01:38:43.458,84.6,76,735.8,0.0,0.043491,,,
01:38:43.501,84.8,76,748.7,0.0,0.04274,,,
01:38:43.543,84.9,76,748.9,0.0,0.04273,,,
01:38:43.586,85.1,76,744.2,0.0,0.042999,,,
01:38:43.635,85.8,75,668.8,0.0,0.047848,,,
01:38:43.678,86.1,75,725.7,0.0,0.044096,,,
01:38:43.722,86.3,75,735.4,0.0,0.043513,,,
01:38:43.765,86.6,75,741.7,0.0,0.043146,,,
01:38:43.808,86.9,77,744.8,0.0,0.042966,,,
01:38:43.852,86.9,77,737.3,0.0,0.0434,,,
01:38:43.895,87.4,77,738.4,0.0,0.043339,,,
01:38:43.938,87.7,77,737.4,0.0,0.043394,,,
01:38:43.981,88.6,77,743.8,0.0,0.043023,,,
01:38:44.025,88.6,75,735.9,0.0,0.043486,,,
01:38:44.068,89.2,75,735.0,0.0,0.043535,,,
01:38:44.112,89.6,75,732.8,0.0,0.04367,,,
01:38:44.156,89.9,75,730.8,0.0,0.043787,,,
01:38:44.199,90.1,80,737.4,0.0,0.043396,,,
01:38:44.242,90.2,80,742.6,0.0,0.04309,,,
01:38:44.285,90.4,80,740.2,0.0,0.043231,,,
01:38:44.329,91.1,80,741.0,0.0,0.043186,,,
01:38:44.373,91.4,80,724.5,0.0,0.044167,,,
01:38:44.417,89.9,75,716.7,0.0,0.044647,,,
01:38:44.420,,,,,,True,1,
01:38:44.451,90.1,75,265.8,122.337934,0.0,,,
01:38:44.495,90.2,75,742.9,0.0,0.07693,,,
01:38:44.539,90.6,75,723.3,0.0,0.044242,,,
01:38:44.582,90.6,75,730.1,0.0,0.04383,,,
01:38:44.626,91.1,76,728.8,0.0,0.043908,,,
01:38:44.671,91.4,76,718.9,0.0,0.04451,,,
01:38:44.715,92.2,76,720.1,0.0,0.04444,,,
01:38:44.759,92.2,76,725.3,0.0,0.044118,,,
01:38:44.804,93.0,79,724.5,0.0,0.044169,,,
01:38:44.847,93.4,79,727.8,0.0,0.04397,,,
01:38:44.891,93.7,79,738.6,0.0,0.043324,,,
01:38:44.935,93.9,79,723.7,0.0,0.044215,,,
01:38:44.980,94.0,79,708.5,0.0,0.045165,,,
01:38:45.025,94.2,74,710.0,0.0,0.045068,,,
01:38:45.070,94.9,74,713.8,0.0,0.044833,,,
01:38:45.116,95.2,74,710.4,0.0,0.045045,,,
01:38:45.159,95.4,74,722.1,0.0,0.044312,,,
01:38:45.204,90.2,79,722.1,0.0,0.044317,,,
01:38:45.206,,,,,,True,1,
01:38:45.237,90.4,79,270.2,123.123769,0.0,,,
01:38:45.280,90.7,79,745.5,0.0,0.076236,,,
01:38:45.324,85.4,79,725.5,0.0,0.044106,,,
01:38:45.326,,,,,,True,1,
01:38:45.357,85.6,79,266.9,123.2445,0.0,,,
01:38:45.400,86.1,78,756.3,0.0,0.076034,,,
01:38:45.443,86.4,78,738.7,0.0,0.043319,,,
01:38:45.487,87.1,78,741.1,0.0,0.043178,,,
01:38:45.531,87.1,78,731.3,0.0,0.043756,,,
01:38:45.574,87.7,78,729.2,0.0,0.043884,,,
01:38:45.618,88.2,75,732.5,0.0,0.043686,,,
01:38:45.662,88.6,75,732.4,0.0,0.043691,,,
01:38:45.705,88.9,75,735.6,0.0,0.043503,,,
01:38:45.748,89.1,75,742.5,0.0,0.043097,,,
01:38:45.794,89.2,78,730.3,0.0,0.043815,,,
01:38:45.837,89.9,78,704.3,0.0,0.045433,,,
01:38:45.881,84.9,78,737.8,0.0,0.043375,,,
01:38:45.883,,,,,,True,1,
01:38:45.914,85.1,78,272.6,123.800542,0.0,,,
01:38:45.956,85.3,78,755.9,0.0,0.075346,,,
01:38:46.000,85.4,78,735.6,0.0,0.043503,,,
01:38:46.043,85.8,78,732.1,0.0,0.04371,,,
01:38:46.085,85.8,78,775.8,0.0,0.041245,,,
01:38:46.128,86.1,78,749.3,0.0,0.042705,,,
01:38:46.171,86.4,78,734.4,0.0,0.043574,,,
01:38:46.215,87.1,76,734.3,0.0,0.043581,,,
01:38:46.258,87.3,76,735.4,0.0,0.043514,,,
01:38:46.302,87.9,76,735.6,0.0,0.043504,,,
01:38:46.345,83.1,76,737.3,0.0,0.043399,,,
01:38:46.347,,,,,,True,1,
01:38:46.377,83.3,76,272.8,124.264579,0.0,,,
01:38:46.420,78.3,77,770.5,0.0,0.07452,,,
01:38:46.421,,,,,,True,1,
01:38:46.451,78.5,77,280.0,124.338239,0.0,,,
01:38:46.493,78.8,77,773.9,0.0,0.073493,,,
01:38:46.536,79.0,77,754.7,0.0,0.0424,,,
01:38:46.575,79.1,77,791.5,0.0,0.040428,,,
01:38:46.616,79.6,80,787.5,0.0,0.040635,,,
01:38:46.657,79.8,80,778.1,0.0,0.041126,,,
01:38:46.700,80.0,80,754.6,0.0,0.042406,,,
01:38:46.743,75.0,80,752.9,0.0,0.042501,,,
01:38:46.745,,,,,,True,1,
01:38:46.775,75.2,80,275.5,124.661738,0.0,,,
01:38:46.816,75.7,79,774.6,0.0,0.073981,,,
01:38:46.858,75.7,79,760.2,0.0,0.042093,,,
01:38:46.901,76.0,79,755.5,0.0,0.042354,,,
01:38:46.944,76.3,79,746.9,0.0,0.042846,,,
01:38:46.986,76.8,79,754.0,0.0,0.042443,,,
01:38:47.032,77.0,76,700.8,0.0,0.045665,,,
01:38:47.075,77.6,76,749.3,0.0,0.042707,,,
01:38:47.117,78.3,76,748.5,0.0,0.04275,,,
01:38:47.159,78.6,76,757.8,0.0,0.042226,,,
01:38:47.202,79.0,79,758.3,0.0,0.0422,,,
01:38:47.244,79.1,79,756.0,0.0,0.042326,,,
01:38:47.287,79.3,79,752.7,0.0,0.042512,,,
01:38:47.329,79.8,79,752.7,0.0,0.042515,,,
01:38:47.372,80.0,79,753.1,0.0,0.042491,,,
01:38:47.415,80.1,76,742.3,0.0,0.043108,,,
01:38:47.458,80.5,76,746.0,0.0,0.042894,,,
01:38:47.500,81.0,76,746.3,0.0,0.042876,,,
01:38:47.543,81.0,76,752.9,0.0,0.042503,,,
01:38:47.585,81.3,76,754.9,0.0,0.042391,,,
01:38:47.628,81.6,76,749.2,0.0,0.042715,,,
01:38:47.671,76.8,76,744.8,0.0,0.042962,,,
01:38:47.674,,,,,,True,1,
01:38:47.704,77.0,76,269.9,125.590926,0.0,,,
01:38:47.745,77.2,76,782.3,0.0,0.074248,,,
01:38:47.788,77.8,76,752.2,0.0,0.042541,,,
01:38:47.832,78.5,79,730.4,0.0,0.04381,,,
01:38:47.876,78.8,79,731.5,0.0,0.043747,,,
01:38:47.918,79.0,79,751.8,0.0,0.042567,,,
01:38:47.961,79.1,79,747.5,0.0,0.042808,,,
01:38:48.004,78.3,78,747.5,0.0,0.042809,,,
01:38:48.006,,,,,,True,1,
01:38:48.036,78.5,78,270.4,125.923372,0.0,,,
01:38:48.078,79.1,78,774.3,0.0,0.074605,,,
01:38:48.121,79.3,78,754.3,0.0,0.042424,,,
01:38:48.163,79.5,78,757.0,0.0,0.042272,,,
01:38:48.205,79.8,78,758.3,0.0,0.042201,,,
01:38:48.248,80.3,78,751.5,0.0,0.04258,,,
01:38:48.291,75.0,78,746.7,0.0,0.042854,,,
01:38:48.293,,,,,,True,1,
01:38:48.323,75.2,78,272.9,126.209984,0.0,,,
01:38:48.364,75.5,78,782.7,0.0,0.073856,,,
01:38:48.406,76.0,78,763.4,0.0,0.041919,,,
01:38:48.449,76.5,78,755.4,0.0,0.042363,,,
01:38:48.492,76.7,78,751.1,0.0,0.042602,,,
01:38:48.534,77.0,78,747.9,0.0,0.042787,,,
01:38:48.577,77.6,78,751.1,0.0,0.042604,,,
01:38:48.619,78.0,75,758.0,0.0,0.042218,,,
01:38:48.661,78.3,75,763.4,0.0,0.04192,,,
01:38:48.704,78.5,75,748.3,0.0,0.042763,,,
01:38:48.746,78.6,75,746.9,0.0,0.042842,,,
01:38:48.790,79.3,75,745.8,0.0,0.042907,,,
01:38:48.833,79.5,78,743.3,0.0,0.04305,,,
01:38:48.876,79.6,78,742.1,0.0,0.043123,,,
01:38:48.919,80.0,78,738.9,0.0,0.043305,,,
01:38:48.962,80.5,78,744.3,0.0,0.042996,,,
01:38:49.005,80.5,77,740.4,0.0,0.043219,,,
01:38:49.049,80.8,77,727.2,0.0,0.044002,,,
01:38:49.093,81.3,77,730.6,0.0,0.043799,,,
01:38:49.136,81.8,77,735.4,0.0,0.043511,,,
01:38:49.179,82.0,77,744.5,0.0,0.042982,,,
01:38:49.222,82.3,74,748.3,0.0,0.042766,,,
01:38:49.265,82.9,74,748.5,0.0,0.042752,,,
01:38:49.308,83.3,74,744.8,0.0,0.042964,,,
01:38:49.351,83.6,74,747.0,0.0,0.042839,,,
01:38:49.394,83.8,80,747.7,0.0,0.0428,,,
01:38:49.437,77.5,80,741.6,0.0,0.043153,,,
01:38:49.439,,,,,,True,2,
01:38:49.469,77.8,80,546.8,127.355957,0.0,,,
01:38:49.511,78.5,80,772.9,0.0,0.074327,,,
01:38:49.554,78.6,80,750.0,0.0,0.042666,,,
01:38:49.596,78.8,78,756.1,0.0,0.042325,,,
01:38:49.638,79.1,78,756.5,0.0,0.042299,,,
01:38:49.680,79.5,78,759.9,0.0,0.042111,,,
01:38:49.722,79.5,78,756.6,0.0,0.042296,,,
01:38:49.765,79.8,78,751.0,0.0,0.042611,,,
01:38:49.808,80.6,76,753.5,0.0,0.042467,,,
01:38:49.850,81.1,76,754.7,0.0,0.042401,,,
01:38:49.893,81.3,76,743.6,0.0,0.043032,,,
01:38:49.936,79.6,76,743.5,0.0,0.043038,,,
01:38:49.938,,,,,,True,1,
01:38:49.968,79.8,76,275.7,127.855223,0.0,,,
01:38:50.011,80.3,77,764.6,0.0,0.074502,,,
01:38:50.054,80.6,77,743.7,0.0,0.043029,,,
01:38:50.097,80.8,77,744.9,0.0,0.042957,,,
01:38:50.139,81.0,77,757.5,0.0,0.042242,,,
01:38:50.181,81.1,77,750.4,0.0,0.042645,,,
01:38:50.227,81.8,74,710.7,0.0,0.045025,,,
01:38:50.271,82.0,74,720.3,0.0,0.044428,,,
01:38:50.314,82.3,74,740.8,0.0,0.043196,,,
01:38:50.357,82.6,74,745.2,0.0,0.042944,,,
01:38:50.400,82.9,79,743.9,0.0,0.043019,,,
01:38:50.443,82.9,79,752.3,0.0,0.042536,,,
01:38:50.485,83.3,79,751.5,0.0,0.042583,,,
01:38:50.528,84.1,79,749.9,0.0,0.042673,,,
01:38:50.571,84.6,79,746.9,0.0,0.042844,,,
01:38:50.614,84.8,76,744.8,0.0,0.042963,,,
01:38:50.657,85.1,76,745.4,0.0,0.04293,,,
01:38:50.699,85.6,76,752.7,0.0,0.042513,,,
01:38:50.742,85.9,76,751.9,0.0,0.042558,,,
01:38:50.785,86.1,76,744.8,0.0,0.042964,,,
01:38:50.828,81.0,76,739.2,0.0,0.04329,,,
01:38:50.830,,,,,,True,1,
01:38:50.861,81.1,76,271.4,128.747556,0.0,,,
01:38:50.903,81.3,76,768.0,0.0,0.074826,,,
01:38:50.946,82.0,76,741.9,0.0,0.043134,,,
01:38:50.992,82.1,79,740.5,0.0,0.043214,,,
01:38:51.035,82.5,79,692.2,0.0,0.046231,,,
01:38:51.078,82.1,79,748.4,0.0,0.042758,,,
01:38:51.080,,,,,,True,1,
01:38:51.111,82.3,79,274.9,128.997276,0.0,,,
01:38:51.153,82.6,79,756.2,0.0,0.075052,,,
01:38:51.196,82.6,78,742.6,0.0,0.043091,,,
01:38:51.239,83.1,78,752.4,0.0,0.042531,,,
01:38:51.281,83.8,78,752.8,0.0,0.04251,,,
01:38:51.324,84.3,78,751.3,0.0,0.042593,,,
01:38:51.367,84.4,78,747.4,0.0,0.042818,,,
01:38:51.410,84.8,76,743.1,0.0,0.043065,,,
01:38:51.453,85.4,76,740.9,0.0,0.043191,,,
01:38:51.496,85.8,76,744.9,0.0,0.042961,,,
01:38:51.538,85.9,76,751.0,0.0,0.042611,,,
01:38:51.581,86.1,76,747.5,0.0,0.042812,,,
01:38:51.624,86.3,76,749.2,0.0,0.042711,,,
01:38:51.667,86.9,76,743.1,0.0,0.04306,,,
01:38:51.710,87.1,76,743.6,0.0,0.043035,,,
01:38:51.754,86.1,76,737.5,0.0,0.043389,,,
01:38:51.756,,,,,,True,1,
01:38:51.786,86.3,76,272.0,129.673043,0.0,,,
01:38:51.831,86.4,78,722.2,0.0,0.077399,,,
01:38:51.874,86.8,78,736.0,0.0,0.043476,,,
01:38:51.918,86.8,78,741.7,0.0,0.043144,,,
01:38:51.961,87.3,78,742.2,0.0,0.043113,,,
01:38:52.004,87.9,78,738.3,0.0,0.043341,,,
01:38:52.048,88.4,78,732.9,0.0,0.043663,,,
01:38:52.091,88.6,78,735.9,0.0,0.043483,,,
01:38:52.135,89.1,78,735.6,0.0,0.043499,,,
01:38:52.178,89.6,78,737.1,0.0,0.043416,,,
01:38:52.221,89.9,75,742.1,0.0,0.043124,,,
01:38:52.264,90.1,75,739.4,0.0,0.043276,,,
01:38:52.308,90.2,75,736.3,0.0,0.043462,,,
01:38:52.352,85.1,75,727.7,0.0,0.043976,,,
01:38:52.354,,,,,,True,1,
01:38:52.384,85.3,75,273.5,130.271212,0.0,,,
01:38:52.427,85.9,78,767.1,0.0,0.07462,,,
01:38:52.471,86.1,78,722.9,0.0,0.044268,,,
01:38:52.514,86.4,78,744.6,0.0,0.042974,,,
01:38:52.557,86.6,78,742.4,0.0,0.043103,,,
01:38:52.600,86.8,80,745.5,0.0,0.042923,,,
01:38:52.643,86.8,80,741.9,0.0,0.04313,,,
01:38:52.689,82.0,80,703.7,0.0,0.045476,,,
01:38:52.691,,,,,,True,1,
01:38:52.721,82.1,80,268.9,130.60825,0.0,,,
01:38:52.763,81.3,80,771.0,0.0,0.074973,,,
01:38:52.765,,,,,,True,1,
01:38:52.795,81.5,77,281.3,130.681733,0.0,,,
01:38:52.837,82.0,77,774.0,0.0,0.073336,,,
01:38:52.879,82.1,77,752.8,0.0,0.042508,,,
01:38:52.922,77.3,77,744.1,0.0,0.043007,,,
01:38:52.925,,,,,,True,1,
01:38:52.955,77.5,77,268.8,130.842057,0.0,,,
01:38:52.997,77.8,80,777.9,0.0,0.074622,,,
01:38:53.039,78.1,80,754.4,0.0,0.04242,,,
01:38:53.082,78.3,80,757.6,0.0,0.042237,,,
01:38:53.125,78.6,80,745.7,0.0,0.042913,,,
01:38:53.168,78.8,80,740.3,0.0,0.043228,,,
01:38:53.211,79.5,75,743.3,0.0,0.04305,,,
01:38:53.254,79.6,75,749.8,0.0,0.042677,,,
01:38:53.297,74.8,75,738.2,0.0,0.043347,,,
01:38:53.299,,,,,,True,1,
01:38:53.330,75.0,75,272.7,131.216048,0.0,,,
01:38:53.371,75.0,75,770.3,0.0,0.074548,,,
01:38:53.414,75.2,77,753.5,0.0,0.042468,,,
01:38:53.456,75.2,77,750.3,0.0,0.042652,,,
01:38:53.499,75.7,77,758.3,0.0,0.042198,,,
01:38:53.541,76.3,77,759.7,0.0,0.042124,,,
01:38:53.583,76.8,77,760.3,0.0,0.042086,,,
01:38:53.626,77.0,76,751.3,0.0,0.042592,,,
01:38:53.672,77.6,76,699.9,0.0,0.045724,,,
01:38:53.715,78.0,76,727.3,0.0,0.043997,,,
01:38:53.758,78.3,76,750.2,0.0,0.042654,,,
01:38:53.800,78.5,78,758.0,0.0,0.042216,,,
01:38:53.842,78.8,78,754.4,0.0,0.042417,,,
01:38:53.885,79.0,78,757.3,0.0,0.042253,,,
01:38:53.928,79.6,78,749.1,0.0,0.042716,,,
01:38:53.971,79.8,78,744.0,0.0,0.04301,,,
01:38:54.014,80.3,75,747.2,0.0,0.042824,,,
01:38:54.057,80.3,75,736.3,0.0,0.043459,,,
01:38:54.099,80.5,75,755.9,0.0,0.042335,,,
01:38:54.141,80.5,75,755.4,0.0,0.04236,,,
01:38:54.184,81.0,75,754.6,0.0,0.042409,,,
01:38:54.230,81.0,76,694.3,0.0,0.046092,,,
01:38:54.232,,,,,,True,1,
01:38:54.262,81.1,76,272.4,132.149202,0.0,,,
01:38:54.304,81.6,76,778.3,0.0,0.074158,,,
01:38:54.347,81.8,76,749.2,0.0,0.042712,,,
01:38:54.391,82.5,79,748.3,0.0,0.042766,,,
01:38:54.434,82.8,79,720.1,0.0,0.044438,,,
01:38:54.478,83.1,79,720.9,0.0,0.044389,,,
01:38:54.521,83.3,79,750.1,0.0,0.042662,,,
01:38:54.564,83.6,79,746.1,0.0,0.042889,,,
01:38:54.607,83.9,76,745.6,0.0,0.042921,,,
01:38:54.650,84.6,76,742.6,0.0,0.043094,,,
01:38:54.693,84.8,76,746.8,0.0,0.042848,,,
01:38:54.736,85.3,76,743.5,0.0,0.043041,,,
01:38:54.778,85.3,76,750.6,0.0,0.042634,,,
01:38:54.821,85.4,76,750.2,0.0,0.042658,,,
01:38:54.864,85.4,76,741.7,0.0,0.043144,,,
01:38:54.908,85.9,76,737.4,0.0,0.043393,,,
01:38:54.952,86.4,76,724.7,0.0,0.044155,,,
01:38:54.996,86.9,80,725.2,0.0,0.044127,,,
01:38:55.039,87.1,80,742.1,0.0,0.043119,,,
01:38:55.082,87.7,80,742.6,0.0,0.043089,,,
01:38:55.125,88.1,80,739.8,0.0,0.043254,,,
01:38:55.169,88.4,80,738.4,0.0,0.043335,,,
01:38:55.212,88.6,75,734.0,0.0,0.043596,,,
01:38:55.256,88.9,75,731.7,0.0,0.043735,,,
01:38:55.299,89.2,75,742.3,0.0,0.04311,,,
01:38:55.342,89.9,75,744.0,0.0,0.043011,,,
01:38:55.385,90.1,75,744.6,0.0,0.042975,,,
01:38:55.431,90.6,77,709.4,0.0,0.045109,,,
01:38:55.474,90.6,77,729.1,0.0,0.043892,,,
01:38:55.518,87.4,77,735.4,0.0,0.043513,,,
01:38:55.520,,,,,,True,1,
01:38:55.550,87.6,77,273.7,133.436795,0.0,,,
01:38:55.593,87.6,80,756.3,0.0,0.075194,,,
01:38:55.636,88.1,80,735.8,0.0,0.043491,,,
01:38:55.679,88.6,80,744.9,0.0,0.042956,,,
01:38:55.722,88.9,80,744.0,0.0,0.043014,,,
01:38:55.766,89.1,80,738.2,0.0,0.043348,,,
01:38:55.809,89.7,76,738.5,0.0,0.04333,,,
01:38:55.853,90.1,76,735.1,0.0,0.043534,,,
01:38:55.898,90.6,76,708.2,0.0,0.045185,,,
01:38:55.941,90.7,76,736.6,0.0,0.043442,,,
01:38:55.985,91.1,76,733.6,0.0,0.043618,,,
01:38:56.030,91.4,76,706.3,0.0,0.045304,,,
01:38:56.074,92.1,76,726.2,0.0,0.044066,,,
01:38:56.118,92.2,76,728.0,0.0,0.043955,,,
01:38:56.162,92.7,76,732.4,0.0,0.043691,,,
01:38:56.206,92.7,78,728.8,0.0,0.043907,,,
01:38:56.250,92.9,78,726.1,0.0,0.044073,,,
01:38:56.294,92.9,78,724.4,0.0,0.044176,,,
01:38:56.338,93.4,78,722.7,0.0,0.044276,,,
01:38:56.382,93.9,78,734.6,0.0,0.043562,,,
01:38:56.425,94.2,75,734.8,0.0,0.043551,,,
01:38:56.470,94.4,75,721.1,0.0,0.044378,,,
01:38:56.514,95.0,75,730.5,0.0,0.043805,,,
01:38:56.557,90.1,75,731.1,0.0,0.043768,,,
01:38:56.559,,,,,,True,1,
01:38:56.591,90.2,80,274.7,134.476281,0.0,,,
01:38:56.633,90.7,80,737.4,0.0,0.076158,,,
01:38:56.677,90.9,80,738.3,0.0,0.04334,,,
01:38:56.720,91.2,80,736.4,0.0,0.043457,,,
01:38:56.764,91.6,80,733.0,0.0,0.043657,,,
01:38:56.808,92.1,77,733.3,0.0,0.04364,,,
01:38:56.851,92.2,77,730.7,0.0,0.043793,,,
01:38:56.895,92.7,77,726.9,0.0,0.044024,,,
01:38:56.939,92.9,77,731.0,0.0,0.043773,,,
01:38:56.983,93.0,77,729.4,0.0,0.04387,,,
01:38:57.030,87.7,76,679.8,0.0,0.047071,,,
01:38:57.033,,,,,,True,1,
01:38:57.063,87.9,76,270.0,134.949615,0.0,,,
01:38:57.106,88.4,76,752.6,0.0,0.075852,,,
01:38:57.149,88.9,76,737.6,0.0,0.043384,,,
01:38:57.193,89.2,80,737.1,0.0,0.043411,,,
01:38:57.237,89.4,80,722.7,0.0,0.044279,,,
01:38:57.280,89.9,80,737.5,0.0,0.043392,,,
01:38:57.324,84.9,80,733.9,0.0,0.043602,,,
01:38:57.327,,,,,,True,1,
01:38:57.357,85.1,80,267.8,135.243795,0.0,,,
01:38:57.399,85.6,77,765.5,0.0,0.075413,,,
01:38:57.443,85.9,77,738.4,0.0,0.043336,,,
01:38:57.488,86.3,77,707.2,0.0,0.045246,,,
01:38:57.532,86.6,77,736.4,0.0,0.043453,,,
01:38:57.575,86.9,77,740.3,0.0,0.043229,,,
01:38:57.617,87.1,74,751.0,0.0,0.04261,,,
01:38:57.660,87.6,74,747.5,0.0,0.042808,,,
01:38:57.705,87.9,74,712.9,0.0,0.044887,,,
01:38:57.749,88.1,74,737.8,0.0,0.043372,,,
01:38:57.792,82.8,80,736.2,0.0,0.043465,,,
01:38:57.794,,,,,,True,1,
01:38:57.825,82.9,80,273.3,135.710916,0.0,,,
01:38:57.867,83.4,80,756.5,0.0,0.075235,,,
01:38:57.911,83.9,80,738.3,0.0,0.043344,,,
01:38:57.954,84.3,80,738.7,0.0,0.043318,,,
01:38:57.996,84.4,77,747.7,0.0,0.042796,,,
01:38:58.039,84.8,77,746.1,0.0,0.042888,,,
01:38:58.082,79.8,77,744.4,0.0,0.042989,,,
01:38:58.085,,,,,,True,1,
01:38:58.115,80.0,77,272.3,136.001586,0.0,,,
01:38:58.157,75.2,77,777.0,0.0,0.074239,,,
01:38:58.158,,,,,,True,1,
01:38:58.190,75.3,78,281.9,136.07468,0.0,,,
01:38:58.231,75.8,78,752.1,0.0,0.074471,,,
01:38:58.273,76.2,78,755.2,0.0,0.042375,,,
01:38:58.316,76.5,78,758.7,0.0,0.042176,,,
01:38:58.357,76.7,78,762.9,0.0,0.041945,,,
01:38:58.400,71.4,77,762.7,0.0,0.041955,,,
01:38:58.402,,,,,,True,1,
01:38:58.431,71.5,77,276.8,136.318177,0.0,,,
01:38:58.472,66.7,77,791.5,0.0,0.072949,,,
01:38:58.474,,,,,,True,1,
01:38:58.504,66.9,77,281.2,136.390597,0.0,,,
01:38:58.543,62.1,77,818.0,0.0,0.071127,,,
01:38:58.544,,,,,,True,1,
01:38:58.574,62.3,77,290.1,136.460706,0.0,,,
01:38:58.614,62.6,80,807.9,0.0,0.070638,,,
01:38:58.655,62.6,80,780.1,0.0,0.04102,,,
01:38:58.697,62.9,80,774.9,0.0,0.041296,,,
01:38:58.738,63.2,80,775.5,0.0,0.041265,,,
01:38:58.779,63.4,80,775.6,0.0,0.041257,,,
01:38:58.820,63.7,76,773.8,0.0,0.041356,,,
01:38:58.861,64.2,76,777.5,0.0,0.04116,,,
01:38:58.903,64.7,76,776.7,0.0,0.041198,,,
01:38:58.942,65.2,76,811.4,0.0,0.039438,,,
01:38:58.982,65.7,76,802.5,0.0,0.039877,,,
01:38:59.022,66.1,78,792.1,0.0,0.040399,,,
01:38:59.064,66.4,78,763.0,0.0,0.041937,,,
01:38:59.106,66.6,78,769.0,0.0,0.041613,,,
01:38:59.148,65.2,78,768.3,0.0,0.04165,,,
01:38:59.150,,,,,,True,1,
01:38:59.180,65.4,78,270.9,137.066985,0.0,,,
01:38:59.221,65.9,77,802.7,0.0,0.07309,,,
01:38:59.262,66.4,77,777.2,0.0,0.041171,,,
01:38:59.303,66.7,77,776.6,0.0,0.041204,,,
01:38:59.345,64.1,77,771.8,0.0,0.041459,,,
01:38:59.347,,,,,,True,1,
01:38:59.377,64.2,77,274.5,137.263457,0.0,,,
01:38:59.417,64.6,78,807.6,0.0,0.072416,,,
01:38:59.458,64.9,78,776.6,0.0,0.041204,,,
01:38:59.499,65.1,78,775.4,0.0,0.041271,,,
01:38:59.541,65.6,78,777.0,0.0,0.041186,,,
01:38:59.582,66.1,78,778.6,0.0,0.041097,,,
01:38:59.623,66.6,76,772.7,0.0,0.041415,,,
01:38:59.665,67.1,76,765.2,0.0,0.041821,,,
01:38:59.706,67.5,76,775.1,0.0,0.041283,,,
01:38:59.748,67.9,76,773.1,0.0,0.041394,,,
01:38:59.790,66.1,79,766.5,0.0,0.041747,,,
01:38:59.792,,,,,,True,1,
01:38:59.826,66.2,79,247.4,137.711859,0.0,,,
01:38:59.867,66.4,79,790.1,0.0,0.076881,,,
01:38:59.908,61.1,79,773.0,0.0,0.0414,,,
01:38:59.910,,,,,,True,1,
01:38:59.941,61.3,79,269.4,137.827155,0.0,,,
01:38:59.981,61.8,79,805.4,0.0,0.073141,,,
01:39:00.022,62.3,74,778.7,0.0,0.041096,,,
01:39:00.063,62.6,74,771.6,0.0,0.041471,,,
01:39:00.105,62.6,74,769.0,0.0,0.041615,,,
01:39:00.147,62.7,74,770.5,0.0,0.041529,,,
01:39:00.189,63.2,78,766.3,0.0,0.041759,,,
01:39:00.232,63.4,78,743.3,0.0,0.043051,,,
01:39:00.274,64.1,78,755.1,0.0,0.042376,,,
01:39:00.315,60.3,78,773.0,0.0,0.041399,,,
01:39:00.317,,,,,,True,1,
01:39:00.348,60.4,78,273.2,138.23411,0.0,,,
01:39:00.389,60.9,76,797.9,0.0,0.07305,,,
01:39:00.431,61.4,76,756.2,0.0,0.042315,,,
01:39:00.472,61.9,76,775.1,0.0,0.041287,,,
01:39:00.513,62.3,76,780.7,0.0,0.040991,,,
01:39:00.553,62.4,76,786.2,0.0,0.040703,,,
01:39:00.594,62.6,77,782.9,0.0,0.040873,,,
01:39:00.635,62.6,77,785.4,0.0,0.040745,,,
01:39:00.676,63.2,77,786.5,0.0,0.040688,,,
01:39:00.717,63.7,77,782.4,0.0,0.0409,,,
01:39:00.757,64.1,77,785.2,0.0,0.040751,,,
01:39:00.798,64.1,77,781.8,0.0,0.040931,,,
01:39:00.839,64.2,77,783.7,0.0,0.04083,,,
01:39:00.880,64.7,77,782.8,0.0,0.040878,,,
01:39:00.918,64.7,77,820.9,0.0,0.03898,,,
01:39:00.959,65.4,77,793.0,0.0,0.040354,,,
01:39:01.000,65.7,78,788.2,0.0,0.0406,,,
01:39:01.041,66.2,78,777.9,0.0,0.041137,,,
01:39:01.082,66.7,78,774.8,0.0,0.041299,,,
01:39:01.124,67.2,78,774.3,0.0,0.041326,,,
01:39:01.165,67.5,78,775.0,0.0,0.04129,,,
01:39:01.207,67.7,76,766.7,0.0,0.041736,,,
01:39:01.249,67.9,76,764.5,0.0,0.041858,,,
01:39:01.290,67.9,76,772.8,0.0,0.041407,,,
01:39:01.331,68.5,76,772.2,0.0,0.041437,,,
01:39:01.373,69.0,76,775.5,0.0,0.041263,,,
01:39:01.415,69.4,76,756.7,0.0,0.042286,,,
01:39:01.457,69.4,76,764.2,0.0,0.041874,,,
01:39:01.498,69.5,76,770.3,0.0,0.041541,,,
01:39:01.540,69.5,76,766.0,0.0,0.041777,,,
01:39:01.543,,,,,,True,1,
01:39:01.573,69.7,76,267.3,139.459926,0.0,,,
01:39:01.614,69.7,77,791.6,0.0,0.074096,,,
01:39:01.656,70.2,77,769.1,0.0,0.041605,,,
01:39:01.697,70.5,77,773.3,0.0,0.041379,,,
01:39:01.739,71.0,77,770.3,0.0,0.041541,,,
01:39:01.780,71.5,77,771.1,0.0,0.041499,,,
01:39:01.822,66.7,76,769.8,0.0,0.041571,,,
01:39:01.824,,,,,,True,1,
01:39:01.855,66.9,76,268.9,139.741394,0.0,,,
01:39:01.895,67.2,76,804.4,0.0,0.073249,,,
01:39:01.937,66.6,76,770.7,0.0,0.041519,,,
01:39:01.939,,,,,,True,1,
01:39:01.969,66.7,76,274.7,139.855439,0.0,,,
01:39:02.012,66.9,79,751.2,0.0,0.075361,,,
01:39:02.054,66.2,79,772.5,0.0,0.041424,,,
01:39:02.056,,,,,,True,1,
01:39:02.086,66.4,79,275.9,139.972058,0.0,,,
01:39:02.127,66.9,79,791.4,0.0,0.073052,,,
01:39:02.169,67.2,79,763.0,0.0,0.041942,,,
01:39:02.210,67.5,77,773.3,0.0,0.041384,,,
01:39:02.251,67.7,77,773.1,0.0,0.041393,,,
01:39:02.292,67.5,77,779.1,0.0,0.041075,,,
01:39:02.295,,,,,,True,1,
01:39:02.324,67.7,77,277.1,140.210751,0.0,,,
01:39:02.366,61.8,77,789.1,0.0,0.073033,,,
01:39:02.368,,,,,,True,2,
01:39:02.397,62.1,79,557.5,140.283576,0.0,,,
01:39:02.437,62.1,79,812.2,0.0,0.07169,,,
01:39:02.478,62.7,79,788.0,0.0,0.040608,,,
01:39:02.518,63.1,79,784.9,0.0,0.040769,,,
01:39:02.559,63.6,79,778.3,0.0,0.041114,,,
01:39:02.600,63.9,79,784.6,0.0,0.040783,,,
01:39:02.641,64.2,79,779.6,0.0,0.041047,,,
01:39:02.683,64.7,79,774.7,0.0,0.041307,,,
01:39:02.724,65.4,79,772.4,0.0,0.041429,,,
01:39:02.766,65.6,79,775.6,0.0,0.04126,,,
01:39:02.807,65.6,76,773.2,0.0,0.041386,,,
01:39:02.850,66.1,76,737.5,0.0,0.043391,,,
01:39:02.892,66.4,76,771.1,0.0,0.041501,,,
01:39:02.933,66.7,76,771.5,0.0,0.04148,,,
01:39:02.975,66.7,76,768.7,0.0,0.041626,,,
01:39:03.016,66.9,75,770.5,0.0,0.041531,,,
01:39:03.058,67.4,75,772.5,0.0,0.041423,,,
01:39:03.099,67.4,75,773.1,0.0,0.041394,,,
01:39:03.140,68.0,75,773.6,0.0,0.041364,,,
01:39:03.182,68.4,75,769.1,0.0,0.041609,,,
01:39:03.226,68.9,77,734.3,0.0,0.043577,,,
01:39:03.267,69.2,77,772.2,0.0,0.041441,,,
01:39:03.309,69.5,77,772.8,0.0,0.041409,,,
01:39:03.350,70.0,77,769.4,0.0,0.04159,,,
01:39:03.392,70.7,79,767.7,0.0,0.041685,,,
01:39:03.435,70.9,79,738.2,0.0,0.043346,,,
01:39:03.477,70.9,79,768.9,0.0,0.041617,,,
01:39:03.518,71.4,79,770.4,0.0,0.041539,,,
01:39:03.560,71.7,79,763.2,0.0,0.04193,,,
01:39:03.602,72.0,75,762.8,0.0,0.041953,,,
01:39:03.645,72.0,75,747.1,0.0,0.042835,,,
01:39:03.689,72.2,75,738.4,0.0,0.043337,,,
01:39:03.731,72.7,75,754.4,0.0,0.042417,,,
01:39:03.773,72.7,75,764.5,0.0,0.04186,,,
01:39:03.814,73.3,74,768.0,0.0,0.041664,,,
01:39:03.856,73.7,74,763.3,0.0,0.041923,,,
01:39:03.898,74.2,74,763.1,0.0,0.041936,,,
01:39:03.940,74.5,74,765.1,0.0,0.041822,,,
01:39:03.982,74.8,74,759.2,0.0,0.042151,,,
01:39:04.026,75.3,77,728.4,0.0,0.043932,,,
01:39:04.069,76.0,77,755.0,0.0,0.042384,,,
01:39:04.111,76.2,77,752.8,0.0,0.042507,,,
01:39:04.153,76.2,77,758.6,0.0,0.042182,,,
01:39:04.195,76.7,78,763.6,0.0,0.041909,,,
01:39:04.237,77.0,78,762.1,0.0,0.041989,,,
01:39:04.279,77.3,78,761.0,0.0,0.042053,,,
01:39:04.321,77.3,78,760.0,0.0,0.042103,,,
01:39:04.364,77.5,78,748.0,0.0,0.042783,,,
01:39:04.407,78.0,76,752.7,0.0,0.042511,,,
01:39:04.449,78.0,76,754.3,0.0,0.042423,,,
01:39:04.491,73.3,76,752.5,0.0,0.042524,,,
01:39:04.494,,,,,,True,1,
01:39:04.524,73.5,76,275.3,142.40999,0.0,,,
01:39:04.565,73.8,76,780.3,0.0,0.073703,,,
01:39:04.607,74.3,78,764.0,0.0,0.041882,,,
01:39:04.649,74.7,78,761.6,0.0,0.042018,,,
01:39:04.691,75.0,78,758.3,0.0,0.042198,,,
01:39:04.733,75.3,78,765.2,0.0,0.041819,,,
01:39:04.775,76.0,78,763.7,0.0,0.041903,,,
01:39:04.817,76.2,76,761.3,0.0,0.042031,,,
01:39:04.859,76.3,76,760.1,0.0,0.042101,,,
01:39:04.901,76.8,76,760.6,0.0,0.042075,,,
01:39:04.944,77.2,76,748.8,0.0,0.042735,,,
01:39:04.988,77.5,79,740.5,0.0,0.043212,,,
01:39:05.033,74.5,79,705.1,0.0,0.045386,,,
01:39:05.035,,,,,,True,1,
01:39:05.065,74.7,79,272.0,142.951429,0.0,,,
01:39:05.107,74.8,79,773.1,0.0,0.074475,,,
01:39:05.150,75.3,79,754.1,0.0,0.042434,,,
01:39:05.192,75.3,77,758.3,0.0,0.042202,,,
01:39:05.233,76.0,77,763.4,0.0,0.041916,,,
01:39:05.275,76.3,77,762.8,0.0,0.041953,,,
01:39:05.317,76.8,77,762.9,0.0,0.041947,,,
01:39:05.359,77.2,77,759.7,0.0,0.042123,,,
01:39:05.402,77.6,76,754.4,0.0,0.042415,,,
01:39:05.445,77.8,76,755.7,0.0,0.042347,,,
01:39:05.487,78.5,76,750.5,0.0,0.04264,,,
01:39:05.530,78.6,76,753.5,0.0,0.042466,,,
01:39:05.572,78.8,76,742.4,0.0,0.043102,,,
01:39:05.613,79.3,75,773.6,0.0,0.041363,,,
01:39:05.655,79.6,75,786.1,0.0,0.040705,,,
01:39:05.697,80.0,75,752.9,0.0,0.0425,,,
01:39:05.740,80.0,75,748.9,0.0,0.04273,,,
01:39:05.783,80.1,75,748.4,0.0,0.042759,,,
01:39:05.826,75.3,79,738.1,0.0,0.043356,,,
01:39:05.828,,,,,,True,1,
01:39:05.859,75.5,79,270.2,143.745063,0.0,,,
01:39:05.900,75.5,79,787.8,0.0,0.073924,,,
01:39:05.942,76.2,79,756.0,0.0,0.042328,,,
01:39:05.988,72.2,78,754.7,0.0,0.042402,,,
01:39:05.990,,,,,,True,1,
01:39:06.020,72.4,78,250.2,143.906369,0.0,,,
01:39:06.061,72.8,78,783.1,0.0,0.076834,,,
01:39:06.104,73.0,78,761.9,0.0,0.041998,,,
01:39:06.146,73.5,78,756.5,0.0,0.042303,,,
01:39:06.189,73.7,77,750.6,0.0,0.042631,,,
01:39:06.231,74.5,77,754.3,0.0,0.042426,,,
01:39:06.273,74.5,77,762.1,0.0,0.041987,,,
01:39:06.315,74.7,77,749.4,0.0,0.042699,,,
01:39:06.358,75.3,77,757.3,0.0,0.042254,,,
01:39:06.400,75.7,76,757.1,0.0,0.042269,,,
01:39:06.442,76.0,76,754.4,0.0,0.042417,,,
01:39:06.485,76.0,76,757.8,0.0,0.042226,,,
01:39:06.527,76.2,76,756.5,0.0,0.042297,,,
01:39:06.569,76.7,76,760.2,0.0,0.042094,,,
01:39:06.611,76.7,76,761.5,0.0,0.04202,,,
01:39:06.653,77.3,76,765.4,0.0,0.041807,,,
01:39:06.695,76.5,76,759.2,0.0,0.04215,,,
01:39:06.697,,,,,,True,1,
01:39:06.727,76.7,76,279.3,144.613017,0.0,,,
01:39:06.768,77.2,76,788.5,0.0,0.072809,,,
01:39:06.810,77.3,79,758.8,0.0,0.042171,,,
01:39:06.852,77.8,79,755.2,0.0,0.042375,,,
01:39:06.894,77.8,79,759.8,0.0,0.042117,,,
01:39:06.937,76.5,79,756.3,0.0,0.042314,,,
01:39:06.939,,,,,,True,1,
01:39:06.970,76.7,79,271.3,144.85573,0.0,,,
01:39:07.012,76.7,78,767.9,0.0,0.074847,,,
01:39:07.054,76.8,78,755.7,0.0,0.042346,,,
01:39:07.096,77.6,78,760.6,0.0,0.042071,,,
01:39:07.138,78.0,78,759.2,0.0,0.042148,,,
01:39:07.180,78.3,78,757.9,0.0,0.042221,,,
01:39:07.226,78.3,77,709.5,0.0,0.045103,,,
01:39:07.268,78.5,77,755.5,0.0,0.042354,,,
01:39:07.310,79.1,77,752.9,0.0,0.0425,,,
01:39:07.353,79.1,77,753.3,0.0,0.042481,,,
01:39:07.395,79.6,79,763.1,0.0,0.041936,,,
01:39:07.437,80.0,79,757.8,0.0,0.042226,,,
01:39:07.479,80.5,79,756.3,0.0,0.042311,,,
01:39:07.522,80.6,79,751.7,0.0,0.042572,,,
01:39:07.565,81.1,79,746.0,0.0,0.042895,,,
01:39:07.608,81.1,76,751.9,0.0,0.042559,,,
01:39:07.650,82.0,76,748.0,0.0,0.042779,,,
01:39:07.693,82.0,76,752.9,0.0,0.042505,,,
01:39:07.735,82.1,76,755.9,0.0,0.042331,,,
01:39:07.777,82.9,76,753.8,0.0,0.042453,,,
01:39:07.820,83.3,76,752.5,0.0,0.042525,,,
01:39:07.863,83.6,76,739.8,0.0,0.043255,,,
01:39:07.907,83.6,76,740.6,0.0,0.043207,,,
01:39:07.950,78.5,76,736.4,0.0,0.043453,,,
01:39:07.952,,,,,,True,1,
01:39:07.982,78.6,76,273.8,145.868489,0.0,,,
01:39:08.025,79.3,79,754.1,0.0,0.075312,,,
01:39:08.068,77.3,79,745.3,0.0,0.042934,,,
01:39:08.071,,,,,,True,1,
01:39:08.101,77.5,79,270.2,145.98715,0.0,,,
01:39:08.143,78.0,79,773.7,0.0,0.07467,,,
01:39:08.187,78.3,78,751.2,0.0,0.042596,,,
01:39:08.229,78.6,78,731.0,0.0,0.043774,,,
01:39:08.272,78.8,78,751.6,0.0,0.042574,,,
01:39:08.314,79.3,78,759.9,0.0,0.042108,,,
01:39:08.356,79.5,78,758.3,0.0,0.042197,,,
01:39:08.398,80.3,77,758.6,0.0,0.042184,,,
01:39:08.440,80.5,77,760.3,0.0,0.042088,,,
01:39:08.483,80.6,77,751.0,0.0,0.042611,,,
01:39:08.526,81.3,77,744.6,0.0,0.042974,,,
01:39:08.569,81.6,77,751.6,0.0,0.042575,,,
01:39:08.611,76.7,76,748.5,0.0,0.042752,,,
01:39:08.613,,,,,,True,1,
01:39:08.644,76.8,76,274.5,146.52971,0.0,,,
01:39:08.686,76.8,76,762.9,0.0,0.074728,,,
01:39:08.729,77.0,76,748.6,0.0,0.042747,,,
01:39:08.772,77.6,76,745.7,0.0,0.042912,,,
01:39:08.814,77.6,77,754.4,0.0,0.042419,,,
01:39:08.857,78.0,77,752.6,0.0,0.042517,,,
01:39:08.899,78.3,77,746.3,0.0,0.042878,,,
01:39:08.943,78.6,77,742.3,0.0,0.043111,,,
01:39:08.987,79.0,78,732.7,0.0,0.043674,,,
01:39:09.030,79.5,78,730.8,0.0,0.043788,,,
01:39:09.074,79.6,78,736.0,0.0,0.043476,,,
01:39:09.117,75.2,78,734.4,0.0,0.04357,,,
01:39:09.120,,,,,,True,1,
01:39:09.150,75.3,78,268.0,147.036311,0.0,,,
01:39:09.192,75.5,77,767.8,0.0,0.075262,,,
01:39:09.235,75.7,77,747.0,0.0,0.04284,,,
01:39:09.277,76.3,77,755.6,0.0,0.042349,,,
01:39:09.320,76.7,77,760.0,0.0,0.042106,,,
01:39:09.363,76.8,77,744.3,0.0,0.042996,,,
01:39:09.405,76.8,75,752.9,0.0,0.0425,,,
01:39:09.448,77.0,75,757.2,0.0,0.042259,,,
01:39:09.490,77.8,75,756.3,0.0,0.042311,,,
01:39:09.531,77.8,75,764.6,0.0,0.041854,,,
01:39:09.574,78.1,75,759.3,0.0,0.042145,,,
01:39:09.616,78.5,76,760.1,0.0,0.042098,,,
01:39:09.657,78.8,76,759.0,0.0,0.042163,,,
01:39:09.695,79.1,76,846.1,0.0,0.037822,,,
01:39:09.733,79.6,76,847.7,0.0,0.03775,,,
01:39:09.770,79.8,76,849.7,0.0,0.037658,,,
01:39:09.808,80.6,85,848.8,0.0,0.0377,,,
01:39:09.846,80.8,85,841.0,0.0,0.03805,,,
01:39:09.885,81.0,85,830.9,0.0,0.038511,,,
01:39:09.923,81.6,85,833.9,0.0,0.038374,,,
01:39:09.961,82.0,85,835.6,0.0,0.038296,,,
01:39:09.999,82.1,87,841.0,0.0,0.038052,,,
01:39:10.037,82.1,87,849.4,0.0,0.037675,,,
01:39:10.075,82.3,87,847.3,0.0,0.037766,,,
01:39:10.112,83.1,87,849.2,0.0,0.037684,,,
01:39:10.150,83.1,87,847.5,0.0,0.037759,,,
01:39:10.188,83.4,88,842.9,0.0,0.037965,,,
01:39:10.228,83.8,88,825.1,0.0,0.038782,,,
01:39:10.267,81.1,88,812.1,0.0,0.039406,,,
01:39:10.268,,,,,,True,1,
01:39:10.297,81.3,88,292.1,148.183628,0.0,,,
01:39:10.335,81.6,88,854.7,0.0,0.06825,,,
01:39:10.372,82.1,88,847.5,0.0,0.037757,,,
01:39:10.410,82.3,85,850.1,0.0,0.037641,,,
01:39:10.448,83.1,85,849.5,0.0,0.03767,,,
01:39:10.486,83.3,85,843.2,0.0,0.037951,,,
01:39:10.524,83.4,85,836.1,0.0,0.038271,,,
01:39:10.563,78.8,85,835.7,0.0,0.038291,,,
01:39:10.563,,,,,,True,1,
01:39:10.592,79.0,88,297.6,148.47887,0.0,,,
01:39:10.629,79.5,88,871.9,0.0,0.066938,,,
01:39:10.667,79.5,88,858.4,0.0,0.037277,,,
01:39:10.704,79.5,88,848.8,0.0,0.0377,,,
01:39:10.742,79.6,88,845.7,0.0,0.037838,,,
01:39:10.780,80.3,88,843.9,0.0,0.03792,,,
01:39:10.817,80.3,87,853.6,0.0,0.03749,,,
01:39:10.855,80.6,87,851.5,0.0,0.037583,,,
01:39:10.892,81.1,87,856.0,0.0,0.037383,,,
01:39:10.930,81.5,87,853.1,0.0,0.03751,,,
01:39:10.968,81.8,87,846.1,0.0,0.037823,,,
01:39:11.006,82.3,88,831.9,0.0,0.038468,,,
01:39:11.045,82.5,88,836.2,0.0,0.038269,,,
01:39:11.083,83.3,88,835.8,0.0,0.038285,,,
01:39:11.121,83.4,88,840.9,0.0,0.038052,,,
01:39:11.159,83.6,88,845.4,0.0,0.037853,,,
01:39:11.196,84.3,88,852.3,0.0,0.037546,,,
01:39:11.234,84.8,88,850.7,0.0,0.037618,,,
01:39:11.271,84.8,88,850.7,0.0,0.037615,,,
01:39:11.309,84.8,88,850.4,0.0,0.037629,,,
01:39:11.347,84.9,88,851.0,0.0,0.037602,,,
01:39:11.386,85.6,89,839.9,0.0,0.038101,,,
01:39:11.424,85.6,89,811.6,0.0,0.039427,,,
01:39:11.463,85.9,89,835.0,0.0,0.038323,,,
01:39:11.501,86.4,89,833.6,0.0,0.038386,,,
01:39:11.539,86.8,89,839.4,0.0,0.038124,,,
01:39:11.577,87.1,89,846.4,0.0,0.037806,,,
01:39:11.615,87.6,85,846.1,0.0,0.037818,,,
01:39:11.652,87.7,85,844.5,0.0,0.037892,,,
01:39:11.690,88.6,85,843.6,0.0,0.037934,,,
01:39:11.728,88.7,85,843.3,0.0,0.037945,,,
01:39:11.767,88.9,85,842.0,0.0,0.038003,,,
01:39:11.805,84.3,89,830.8,0.0,0.038517,,,
01:39:11.806,,,,,,True,1,
01:39:11.835,84.4,89,296.7,149.721613,0.0,,,
01:39:11.873,84.9,89,855.2,0.0,0.067747,,,
01:39:11.910,84.9,89,847.0,0.0,0.037779,,,
01:39:11.948,84.9,89,843.4,0.0,0.037944,,,
01:39:11.987,85.1,89,837.3,0.0,0.038218,,,
01:39:12.025,85.6,89,830.8,0.0,0.038516,,,
01:39:12.064,85.6,89,828.8,0.0,0.038612,,,
01:39:12.103,85.9,89,826.1,0.0,0.038737,,,
01:39:12.142,86.6,89,820.6,0.0,0.038994,,,
01:39:12.180,86.9,89,830.2,0.0,0.038545,,,
01:39:12.370,87.3,85,168.9,0.0,0.189462,,,
01:39:12.408,82.5,21,824.9,0.0,0.038791,,,
01:39:12.409,,,,,,True,1,
01:39:12.438,82.6,21,298.7,150.324741,0.0,,,
01:39:12.476,82.8,21,856.4,0.0,0.067495,,,
01:39:12.514,83.6,21,842.1,0.0,0.037999,,,
01:39:12.551,82.0,21,849.7,0.0,0.03766,,,
01:39:12.552,,,,,,True,1,
01:39:12.581,82.1,21,303.7,150.467377,0.0,,,
01:39:12.621,82.3,88,802.4,0.0,0.069512,,,
01:39:12.659,82.8,88,845.1,0.0,0.037866,,,
01:39:12.696,83.3,88,855.8,0.0,0.037391,,,
01:39:12.734,83.3,88,853.0,0.0,0.037517,,,
01:39:12.771,83.4,88,851.1,0.0,0.037599,,,
01:39:12.809,83.6,87,851.4,0.0,0.037584,,,
01:39:12.847,79.3,87,849.5,0.0,0.037669,,,
01:39:12.848,,,,,,True,1,
01:39:12.876,79.5,87,299.0,150.762961,0.0,,,
01:39:12.914,79.6,87,864.6,0.0,0.067109,,,
01:39:12.951,77.2,87,854.7,0.0,0.037442,,,
01:39:12.952,,,,,,True,1,
01:39:12.981,77.3,87,301.3,150.867267,0.0,,,
01:39:13.021,78.0,89,802.5,0.0,0.069745,,,
01:39:13.059,78.3,89,841.6,0.0,0.038025,,,
01:39:13.096,78.6,89,853.9,0.0,0.037475,,,
01:39:13.134,79.1,89,858.5,0.0,0.037274,,,
01:39:13.171,79.3,89,858.5,0.0,0.037272,,,
01:39:13.209,80.1,86,850.1,0.0,0.037641,,,
01:39:13.247,80.3,86,847.2,0.0,0.037771,,,
01:39:13.284,75.3,86,844.2,0.0,0.037906,,,
01:39:13.285,,,,,,True,1,
01:39:13.315,75.5,86,295.3,151.200969,0.0,,,
01:39:13.351,75.8,86,875.9,0.0,0.067011,,,
01:39:13.388,76.3,89,863.6,0.0,0.037053,,,
01:39:13.431,76.3,89,766.8,0.0,0.041732,,,
01:39:13.473,76.5,89,757.6,0.0,0.042237,,,
01:39:13.515,71.2,89,757.1,0.0,0.042266,,,
01:39:13.517,,,,,,True,1,
01:39:13.548,71.4,89,271.9,151.433876,0.0,,,
01:39:13.589,71.7,79,789.3,0.0,0.073644,,,
01:39:13.630,71.9,79,771.8,0.0,0.041462,,,
01:39:13.673,72.4,79,749.6,0.0,0.04269,,,
01:39:13.716,73.0,79,752.1,0.0,0.04255,,,
01:39:13.758,73.2,79,761.2,0.0,0.042037,,,
01:39:13.800,73.5,75,755.8,0.0,0.04234,,,
01:39:13.843,74.0,75,750.7,0.0,0.042627,,,
01:39:13.887,74.3,75,734.6,0.0,0.043562,,,
01:39:13.929,75.2,75,744.5,0.0,0.042981,,,
01:39:13.972,75.3,75,749.4,0.0,0.042702,,,
01:39:14.015,75.7,74,747.4,0.0,0.042817,,,
01:39:14.058,76.0,74,743.3,0.0,0.04305,,,
01:39:14.100,76.5,74,751.3,0.0,0.042592,,,
01:39:14.143,76.5,74,756.3,0.0,0.042314,,,
01:39:14.185,76.7,79,751.2,0.0,0.042597,,,
01:39:14.228,76.7,79,753.0,0.0,0.042498,,,
01:39:14.270,74.5,79,761.2,0.0,0.04204,,,
01:39:14.272,,,,,,True,1,
01:39:14.302,74.7,79,275.8,152.187896,0.0,,,
01:39:14.344,74.8,79,781.1,0.0,0.073602,,,
01:39:14.386,75.3,78,760.4,0.0,0.042081,,,
01:39:14.428,76.0,78,754.6,0.0,0.042405,,,
01:39:14.470,76.2,78,759.1,0.0,0.042157,,,
01:39:14.512,76.5,78,760.2,0.0,0.042093,,,
01:39:14.554,77.0,78,761.5,0.0,0.042024,,,
01:39:14.596,77.3,77,764.3,0.0,0.041867,,,
01:39:14.638,78.3,77,763.7,0.0,0.041904,,,
01:39:14.680,78.5,77,757.3,0.0,0.042256,,,
01:39:14.723,78.6,77,753.8,0.0,0.042452,,,
01:39:14.765,79.0,77,757.9,0.0,0.04222,,,
01:39:14.807,79.5,76,754.5,0.0,0.042411,,,
01:39:14.849,79.5,76,758.2,0.0,0.042206,,,
01:39:14.892,79.1,76,759.4,0.0,0.042138,,,
01:39:14.894,,,,,,True,1,
01:39:14.924,79.3,76,272.9,152.810033,0.0,,,
01:39:14.967,79.3,76,765.8,0.0,0.074764,,,
01:39:15.010,79.6,78,738.3,0.0,0.043345,,,
01:39:15.052,79.8,78,750.1,0.0,0.042661,,,
01:39:15.095,80.3,78,748.4,0.0,0.042757,,,
01:39:15.138,75.7,78,752.3,0.0,0.042535,,,
01:39:15.140,,,,,,True,1,
01:39:15.170,75.8,78,273.6,153.055996,0.0,,,
01:39:15.211,76.0,78,786.9,0.0,0.073562,,,
01:39:15.253,76.3,78,763.3,0.0,0.041923,,,
01:39:15.295,77.0,78,760.2,0.0,0.042092,,,
01:39:15.337,77.2,78,756.5,0.0,0.0423,,,
01:39:15.380,78.0,78,754.8,0.0,0.042396,,,
01:39:15.423,78.1,78,748.7,0.0,0.042738,,,
01:39:15.465,78.3,78,750.4,0.0,0.042646,,,
01:39:15.508,78.8,78,753.1,0.0,0.042491,,,
01:39:15.550,79.3,78,755.9,0.0,0.042336,,,
01:39:15.592,79.3,79,756.8,0.0,0.042284,,,
01:39:15.635,74.2,79,758.8,0.0,0.042169,,,
01:39:15.637,,,,,,True,1,
01:39:15.667,74.3,79,277.1,153.552498,0.0,,,
01:39:15.707,74.3,79,790.7,0.0,0.072948,,,
01:39:15.749,74.7,79,764.6,0.0,0.04185,,,
01:39:15.791,74.8,79,765.2,0.0,0.04182,,,
01:39:15.833,75.3,79,758.9,0.0,0.042169,,,
01:39:15.875,75.8,79,759.0,0.0,0.042158,,,
01:39:15.918,76.0,79,760.8,0.0,0.042063,,,
01:39:15.961,76.3,79,744.3,0.0,0.042995,,,
01:39:16.004,77.2,75,743.2,0.0,0.043056,,,
01:39:16.047,77.3,75,750.5,0.0,0.042637,,,
01:39:16.089,78.1,75,749.5,0.0,0.042694,,,
01:39:16.131,78.3,75,758.6,0.0,0.042184,,,
01:39:16.173,78.5,75,761.4,0.0,0.04203,,,
01:39:16.216,79.0,76,752.6,0.0,0.042521,,,
01:39:16.259,79.5,76,736.2,0.0,0.043469,,,
01:39:16.303,79.5,76,740.9,0.0,0.04319,,,
01:39:16.345,79.6,76,747.3,0.0,0.042822,,,
01:39:16.388,79.6,79,749.3,0.0,0.042709,,,
01:39:16.430,80.0,79,754.2,0.0,0.042428,,,
01:39:16.473,80.1,79,752.9,0.0,0.042501,,,
01:39:16.515,76.5,79,755.2,0.0,0.042375,,,
01:39:16.517,,,,,,True,1,
01:39:16.547,76.7,79,275.1,154.433335,0.0,,,
01:39:16.589,77.2,78,781.3,0.0,0.073671,,,
01:39:16.631,77.3,78,759.1,0.0,0.042156,,,
01:39:16.674,77.6,78,752.1,0.0,0.042547,,,
01:39:16.716,78.3,78,755.6,0.0,0.042348,,,
01:39:16.758,78.5,78,752.8,0.0,0.042508,,,
01:39:16.801,79.3,76,755.0,0.0,0.042382,,,
01:39:16.844,79.5,76,749.8,0.0,0.042678,,,
01:39:16.886,79.8,76,747.0,0.0,0.042839,,,
01:39:16.929,80.3,76,754.9,0.0,0.042387,,,
01:39:16.971,80.8,76,756.1,0.0,0.042325,,,
01:39:17.014,80.8,76,749.4,0.0,0.042699,,,
01:39:17.057,81.0,76,738.8,0.0,0.043312,,,
01:39:17.100,81.0,76,745.7,0.0,0.042911,,,
01:39:17.143,79.0,76,742.7,0.0,0.043088,,,
01:39:17.145,,,,,,True,1,
01:39:17.175,79.1,76,273.8,155.061321,0.0,,,
01:39:17.217,79.3,77,780.3,0.0,0.073876,,,
01:39:17.260,79.8,77,743.1,0.0,0.04306,,,
01:39:17.303,77.6,77,750.6,0.0,0.04263,,,
01:39:17.305,,,,,,True,1,
01:39:17.335,77.8,77,273.3,155.220927,0.0,,,
01:39:17.376,78.0,77,785.1,0.0,0.073683,,,
01:39:17.419,78.3,78,749.4,0.0,0.0427,,,
01:39:17.462,79.0,78,748.1,0.0,0.042773,,,
01:39:17.504,79.1,78,754.4,0.0,0.042418,,,
01:39:17.547,80.1,78,752.7,0.0,0.042513,,,
01:39:17.589,80.1,80,758.3,0.0,0.042201,,,
01:39:17.631,80.5,80,758.7,0.0,0.042177,,,
01:39:17.673,81.0,80,755.1,0.0,0.042376,,,
01:39:17.716,81.5,80,756.0,0.0,0.042327,,,
01:39:17.758,81.5,80,750.7,0.0,0.04263,,,
01:39:17.802,81.6,76,746.8,0.0,0.042849,,,
01:39:17.845,81.6,76,731.4,0.0,0.043754,,,
01:39:17.888,76.7,76,748.7,0.0,0.042739,,,
01:39:17.890,,,,,,True,1,
01:39:17.920,76.8,76,276.3,155.805699,0.0,,,
01:39:17.963,75.5,76,764.0,0.0,0.074459,,,
01:39:17.964,,,,,,True,1,
01:39:17.995,75.7,77,271.8,155.880674,0.0,,,
01:39:18.034,76.2,77,817.6,0.0,0.072247,,,
01:39:18.073,76.7,77,821.4,0.0,0.038959,,,
01:39:18.114,76.8,77,783.1,0.0,0.040862,,,
01:39:18.156,77.0,77,766.9,0.0,0.041728,,,
01:39:18.195,77.6,82,803.4,0.0,0.039829,,,
01:39:18.236,77.8,82,792.3,0.0,0.040391,,,
01:39:18.279,79.0,82,752.0,0.0,0.042555,,,
01:39:18.322,79.1,82,749.3,0.0,0.042709,,,
01:39:18.364,79.5,82,756.2,0.0,0.042318,,,
01:39:18.406,80.0,77,754.2,0.0,0.042428,,,
01:39:18.448,80.5,77,759.7,0.0,0.042123,,,
01:39:18.491,80.5,77,757.4,0.0,0.04225,,,
01:39:18.533,80.6,77,756.8,0.0,0.042283,,,
01:39:18.575,80.6,77,757.5,0.0,0.042244,,,
01:39:18.618,81.0,77,755.7,0.0,0.042345,,,
01:39:18.662,81.0,77,723.5,0.0,0.044227,,,
01:39:18.707,81.5,77,712.2,0.0,0.044929,,,
01:39:18.750,82.0,77,743.5,0.0,0.043041,,,
01:39:18.792,82.1,78,749.0,0.0,0.042721,,,
01:39:18.835,82.3,78,749.0,0.0,0.042724,,,
01:39:18.878,82.9,78,747.5,0.0,0.04281,,,
01:39:18.921,77.8,78,743.2,0.0,0.043057,,,
01:39:18.924,,,,,,True,1,
01:39:18.954,78.0,78,269.4,156.83973,0.0,,,
01:39:18.996,79.1,77,774.4,0.0,0.074723,,,
01:39:19.039,79.3,77,740.5,0.0,0.043215,,,
01:39:19.082,79.6,77,744.7,0.0,0.04297,,,
01:39:19.125,80.1,77,748.1,0.0,0.042776,,,
01:39:19.167,80.5,77,747.1,0.0,0.042835,,,
01:39:19.210,80.5,75,752.3,0.0,0.042536,,,
01:39:19.252,80.6,75,757.0,0.0,0.042274,,,
01:39:19.294,80.8,75,758.0,0.0,0.042215,,,
01:39:19.337,81.1,75,755.7,0.0,0.042346,,,
01:39:19.380,75.8,75,748.6,0.0,0.042744,,,
01:39:19.382,,,,,,True,1,
01:39:19.412,76.0,78,270.1,157.298262,0.0,,,
01:39:19.454,76.5,78,778.4,0.0,0.074427,,,
01:39:19.496,77.0,78,761.6,0.0,0.042018,,,
01:39:19.538,77.2,78,758.1,0.0,0.042209,,,
01:39:19.583,72.4,78,754.2,0.0,0.042431,,,
01:39:19.586,,,,,,True,1,
01:39:19.616,72.5,78,255.0,157.501301,0.0,,,
01:39:19.657,73.0,78,775.4,0.0,0.076559,,,
01:39:19.700,67.9,78,761.6,0.0,0.042017,,,
01:39:19.702,,,,,,True,1,
01:39:19.732,68.0,78,273.1,157.617523,0.0,,,
01:39:19.773,69.2,78,789.6,0.0,0.073476,,,
01:39:19.814,69.5,75,768.3,0.0,0.041648,,,
01:39:19.856,69.9,75,764.8,0.0,0.041843,,,
01:39:19.898,70.4,75,765.6,0.0,0.0418,,,
01:39:19.940,70.5,75,766.0,0.0,0.041773,,,
01:39:19.983,70.7,79,754.9,0.0,0.042388,,,
01:39:20.025,70.9,79,749.9,0.0,0.04267,,,
01:39:20.067,71.2,79,757.4,0.0,0.042248,,,
01:39:20.109,71.5,79,763.6,0.0,0.041908,,,
01:39:20.151,71.5,79,762.2,0.0,0.041981,,,
01:39:20.193,71.9,76,762.0,0.0,0.041994,,,
01:39:20.235,72.4,76,754.4,0.0,0.042419,,,
01:39:20.278,72.5,76,747.1,0.0,0.042834,,,
01:39:20.321,72.7,76,750.9,0.0,0.042614,,,
01:39:20.364,73.2,76,751.2,0.0,0.042598,,,
01:39:20.406,73.3,74,759.3,0.0,0.042146,,,
01:39:20.447,74.5,74,766.0,0.0,0.041776,,,
01:39:20.489,74.8,74,766.0,0.0,0.041774,,,
01:39:20.531,75.2,74,769.4,0.0,0.04159,,,
01:39:20.572,75.7,74,767.3,0.0,0.041703,,,
01:39:20.614,75.8,77,763.4,0.0,0.041917,,,
01:39:20.657,76.0,77,756.5,0.0,0.0423,,,
01:39:20.699,70.9,77,757.8,0.0,0.042226,,,
01:39:20.701,,,,,,True,1,
01:39:20.731,71.0,77,273.1,158.61713,0.0,,,
01:39:20.772,66.1,77,794.7,0.0,0.073218,,,
01:39:20.774,,,,,,True,1,
01:39:20.804,66.2,78,281.9,158.689271,0.0,,,
01:39:20.844,66.6,78,801.2,0.0,0.07186,,,
01:39:20.885,66.6,78,771.1,0.0,0.041501,,,
01:39:20.927,66.9,78,776.7,0.0,0.041202,,,
01:39:20.968,67.2,78,771.4,0.0,0.041481,,,
01:39:21.010,67.2,78,767.9,0.0,0.041673,,,
01:39:21.052,67.4,78,762.6,0.0,0.041964,,,
01:39:21.093,68.0,78,770.0,0.0,0.041556,,,
01:39:21.135,67.4,78,770.4,0.0,0.041538,,,
01:39:21.137,,,,,,True,1,
01:39:21.167,67.5,78,273.4,159.053018,0.0,,,
01:39:21.208,68.7,78,799.4,0.0,0.072942,,,
01:39:21.249,69.0,78,776.0,0.0,0.041236,,,
01:39:21.290,69.4,78,776.1,0.0,0.041233,,,
01:39:21.332,69.7,78,774.4,0.0,0.041324,,,
01:39:21.373,69.9,78,768.1,0.0,0.041659,,,
01:39:21.415,70.0,77,770.8,0.0,0.041514,,,
01:39:21.456,70.2,77,766.6,0.0,0.041742,,,
01:39:21.498,70.7,77,765.3,0.0,0.041812,,,
01:39:21.540,71.0,77,765.0,0.0,0.041831,,,
01:39:21.583,71.0,79,765.1,0.0,0.041823,,,
01:39:21.624,71.4,79,760.2,0.0,0.042095,,,
01:39:21.666,70.7,79,765.1,0.0,0.041824,,,
01:39:21.668,,,,,,True,1,
01:39:21.698,70.9,79,274.9,159.583858,0.0,,,
01:39:21.739,70.9,79,788.8,0.0,0.073303,,,
01:39:21.783,71.0,77,768.1,0.0,0.041659,,,
01:39:21.824,71.7,77,742.7,0.0,0.043089,,,
01:39:21.866,72.0,77,762.3,0.0,0.041976,,,
01:39:21.908,73.2,77,769.1,0.0,0.041606,,,
01:39:21.949,73.3,77,762.3,0.0,0.041979,,,
01:39:21.992,73.7,77,758.6,0.0,0.042185,,,
01:39:22.034,74.2,77,762.4,0.0,0.041974,,,
01:39:22.076,74.3,77,763.4,0.0,0.041917,,,
01:39:22.117,74.5,77,766.1,0.0,0.041769,,,
01:39:22.157,74.7,77,796.4,0.0,0.040182,,,
01:39:22.196,75.2,78,822.2,0.0,0.038922,,,
01:39:22.237,75.5,78,792.6,0.0,0.040373,,,
01:39:22.279,75.5,78,755.1,0.0,0.042378,,,
01:39:22.324,75.8,78,724.2,0.0,0.044185,,,
01:39:22.366,76.2,78,746.4,0.0,0.042872,,,
01:39:22.408,76.2,76,763.1,0.0,0.041932,,,
01:39:22.450,76.3,76,763.2,0.0,0.041929,,,
01:39:22.494,77.0,76,732.4,0.0,0.043692,,,
01:39:22.536,77.3,76,752.9,0.0,0.042504,,,
01:39:22.582,78.5,77,754.2,0.0,0.042427,,,
01:39:22.625,78.6,77,700.4,0.0,0.045687,,,
01:39:22.667,79.0,77,752.8,0.0,0.042508,,,
01:39:22.709,79.5,77,757.8,0.0,0.042228,,,
01:39:22.751,79.6,77,758.3,0.0,0.042199,,,
01:39:22.793,79.8,77,762.1,0.0,0.041992,,,
01:39:22.835,80.0,77,760.9,0.0,0.042055,,,
01:39:22.878,80.5,77,753.0,0.0,0.042499,,,
01:39:22.921,80.8,77,745.9,0.0,0.042901,,,
01:39:22.964,80.8,77,748.3,0.0,0.042763,,,
01:39:23.006,81.1,76,746.8,0.0,0.042851,,,
01:39:23.049,81.5,76,747.9,0.0,0.042784,,,
01:39:23.092,76.3,76,750.7,0.0,0.042628,,,
01:39:23.094,,,,,,True,1,
01:39:23.124,76.5,76,274.0,161.009888,0.0,,,
01:39:23.165,76.7,76,783.6,0.0,0.07368,,,
01:39:23.208,74.8,78,762.6,0.0,0.041959,,,
01:39:23.210,,,,,,True,1,
01:39:23.240,75.0,78,278.5,161.124988,0.0,,,
01:39:23.281,75.3,78,772.4,0.0,0.07375,,,
01:39:23.324,76.3,78,760.2,0.0,0.042094,,,
01:39:23.366,76.5,78,755.5,0.0,0.042356,,,
01:39:23.408,76.8,78,762.2,0.0,0.041981,,,
01:39:23.450,77.3,78,759.4,0.0,0.042139,,,
01:39:23.492,77.6,78,756.7,0.0,0.042288,,,
01:39:23.534,77.8,78,758.6,0.0,0.042182,,,
01:39:23.576,78.1,78,769.4,0.0,0.041589,,,
01:39:23.620,78.6,77,722.9,0.0,0.044267,,,
01:39:23.664,79.0,77,735.0,0.0,0.043535,,,
01:39:23.707,79.0,77,736.7,0.0,0.043436,,,
01:39:23.750,79.1,77,749.2,0.0,0.042713,,,
01:39:23.792,79.5,77,757.1,0.0,0.042265,,,
01:39:23.834,79.5,77,757.5,0.0,0.042242,,,
01:39:23.879,79.6,77,722.5,0.0,0.044292,,,
01:39:23.922,80.3,77,743.7,0.0,0.043028,,,
01:39:23.964,80.6,77,748.9,0.0,0.042727,,,
01:39:24.007,81.6,75,753.3,0.0,0.042478,,,
01:39:24.049,81.8,75,752.2,0.0,0.042539,,,
01:39:24.092,82.1,75,751.7,0.0,0.042571,,,
01:39:24.134,82.6,75,752.1,0.0,0.042546,,,
01:39:24.177,82.9,75,749.4,0.0,0.0427,,,
01:39:24.221,77.8,78,742.8,0.0,0.04308,,,
01:39:24.223,,,,,,True,1,
01:39:24.253,78.0,78,271.6,162.138585,0.0,,,
01:39:24.294,78.3,78,786.6,0.0,0.073815,,,
01:39:24.336,78.8,78,758.5,0.0,0.042191,,,
01:39:24.382,79.1,79,758.5,0.0,0.042188,,,
01:39:24.424,79.1,79,709.3,0.0,0.045115,,,
01:39:24.466,79.1,79,750.4,0.0,0.042642,,,
01:39:24.509,68.9,79,757.4,0.0,0.042253,,,
01:39:24.511,,,,,,True,2,
01:39:24.541,69.0,79,553.0,162.42618,0.0,,,
01:39:24.542,,,,,,True,1,
01:39:24.572,69.2,79,285.6,162.457656,0.0,,,
01:39:24.613,69.2,76,794.3,0.0,0.104345,,,
01:39:24.654,69.5,76,772.2,0.0,0.04144,,,
01:39:24.696,70.2,76,772.6,0.0,0.041419,,,
01:39:24.738,70.5,76,766.5,0.0,0.04175,,,
01:39:24.782,71.2,79,762.9,0.0,0.041943,,,
01:39:24.825,71.4,79,701.3,0.0,0.045628,,,
01:39:24.866,71.7,79,771.2,0.0,0.041494,,,
01:39:24.908,72.5,79,770.0,0.0,0.041557,,,
01:39:24.950,72.8,79,766.5,0.0,0.04175,,,
01:39:24.992,73.0,76,764.3,0.0,0.04187,,,
01:39:25.034,73.3,76,762.4,0.0,0.041973,,,
01:39:25.076,73.8,76,755.3,0.0,0.042369,,,
01:39:25.119,74.2,76,754.7,0.0,0.042402,,,
01:39:25.161,74.2,76,749.9,0.0,0.042673,,,
01:39:25.204,74.2,75,756.4,0.0,0.042303,,,
01:39:25.245,74.5,75,761.6,0.0,0.042015,,,
01:39:25.287,74.5,75,767.7,0.0,0.041683,,,
01:39:25.329,74.8,75,765.3,0.0,0.041812,,,
01:39:25.371,75.5,75,764.5,0.0,0.041857,,,
01:39:25.413,75.8,77,762.8,0.0,0.04195,,,
01:39:25.455,76.5,77,755.3,0.0,0.042365,,,
01:39:25.498,76.7,77,752.8,0.0,0.042509,,,
01:39:25.540,77.0,77,756.1,0.0,0.042323,,,
01:39:25.582,77.8,80,760.8,0.0,0.042062,,,
01:39:25.624,78.1,80,757.0,0.0,0.042275,,,
01:39:25.666,78.3,80,760.0,0.0,0.042105,,,
01:39:25.709,78.6,80,758.5,0.0,0.042187,,,
01:39:25.750,79.1,80,762.4,0.0,0.041975,,,
01:39:25.793,79.5,77,761.5,0.0,0.042022,,,
01:39:25.835,79.5,77,760.9,0.0,0.042058,,,
01:39:25.877,79.5,77,752.9,0.0,0.0425,,,
01:39:25.920,79.8,77,747.2,0.0,0.042826,,,
01:39:25.963,79.8,77,750.4,0.0,0.042644,,,
01:39:26.005,80.1,76,746.2,0.0,0.042886,,,
01:39:26.048,80.8,76,750.3,0.0,0.04265,,,
01:39:26.091,81.1,76,752.0,0.0,0.042553,,,
01:39:26.133,81.8,76,750.9,0.0,0.042614,,,
01:39:26.176,82.0,76,750.6,0.0,0.042633,,,
01:39:26.220,82.3,77,732.6,0.0,0.043677,,,
01:39:26.263,83.1,77,742.8,0.0,0.043078,,,
01:39:26.309,83.4,77,695.7,0.0,0.045999,,,
01:39:26.352,83.6,77,735.6,0.0,0.043503,,,
01:39:26.395,83.9,76,741.4,0.0,0.04316,,,
01:39:26.439,84.4,76,732.5,0.0,0.043687,,,
01:39:26.483,84.8,76,735.3,0.0,0.043519,,,
01:39:26.526,84.8,76,733.7,0.0,0.043616,,,
01:39:26.569,84.8,76,744.0,0.0,0.04301,,,
01:39:26.612,85.1,75,749.5,0.0,0.042697,,,
01:39:26.655,85.1,75,747.0,0.0,0.042836,,,
01:39:26.698,85.4,75,741.8,0.0,0.043139,,,
01:39:26.742,86.1,75,735.9,0.0,0.043487,,,
01:39:26.785,86.4,80,735.0,0.0,0.043535,,,
01:39:26.828,87.1,80,744.5,0.0,0.042984,,,
01:39:26.871,87.3,80,745.8,0.0,0.042905,,,
01:39:26.914,87.6,80,738.4,0.0,0.043339,,,
01:39:26.958,88.4,80,732.8,0.0,0.04367,,,
01:39:27.002,88.7,75,733.6,0.0,0.043623,,,
01:39:27.045,88.9,75,726.3,0.0,0.04406,,,
01:39:27.089,89.2,75,736.3,0.0,0.043459,,,
01:39:27.132,89.7,75,738.1,0.0,0.043355,,,
01:39:27.175,90.1,75,739.3,0.0,0.043286,,,
01:39:27.220,84.8,77,722.5,0.0,0.044289,,,
01:39:27.222,,,,,,True,1,
01:39:27.252,84.9,77,273.8,165.137778,0.0,,,
01:39:27.294,84.9,77,771.0,0.0,0.074372,,,
01:39:27.338,85.3,77,739.7,0.0,0.043261,,,
01:39:27.381,85.3,80,736.9,0.0,0.043425,,,
01:39:27.424,85.6,80,739.3,0.0,0.043286,,,
01:39:27.467,86.1,80,747.4,0.0,0.042814,,,
01:39:27.510,86.4,80,742.9,0.0,0.043074,,,
01:39:27.553,87.1,80,740.5,0.0,0.043214,,,
01:39:27.597,87.4,76,740.6,0.0,0.04321,,,
01:39:27.640,87.7,76,737.7,0.0,0.043378,,,
01:39:27.683,88.6,76,739.5,0.0,0.043274,,,
01:39:27.726,88.9,76,745.7,0.0,0.042915,,,
01:39:27.769,89.1,76,743.7,0.0,0.043029,,,
01:39:27.812,89.4,76,741.6,0.0,0.043148,,,
01:39:27.856,89.9,76,738.5,0.0,0.043329,,,
01:39:27.899,90.2,76,734.7,0.0,0.043554,,,
01:39:27.943,90.2,76,735.4,0.0,0.043514,,,
01:39:27.986,90.2,80,729.6,0.0,0.043863,,,
01:39:28.030,90.6,80,738.8,0.0,0.043312,,,
01:39:28.073,90.6,80,738.0,0.0,0.04336,,,
01:39:28.117,90.9,80,728.1,0.0,0.043952,,,
01:39:28.161,86.1,80,728.0,0.0,0.043955,,,
01:39:28.164,,,,,,True,1,
01:39:28.194,86.3,75,272.5,166.079154,0.0,,,
01:39:28.236,86.6,75,763.0,0.0,0.074968,,,
01:39:28.279,87.3,75,741.3,0.0,0.043165,,,
01:39:28.322,87.6,75,745.6,0.0,0.042921,,,
01:39:28.365,87.9,75,744.6,0.0,0.042976,,,
01:39:28.408,88.6,78,741.5,0.0,0.043156,,,
01:39:28.451,88.9,78,745.5,0.0,0.042924,,,
01:39:28.494,89.1,78,745.0,0.0,0.04295,,,
01:39:28.538,89.6,78,739.1,0.0,0.043294,,,
01:39:28.581,90.1,80,732.1,0.0,0.04371,,,
01:39:28.624,90.4,80,737.1,0.0,0.043415,,,
01:39:28.668,90.4,80,740.0,0.0,0.043241,,,
01:39:28.712,90.4,80,722.2,0.0,0.04431,,,
01:39:28.756,90.7,80,730.7,0.0,0.043792,,,
01:39:28.800,90.7,76,731.6,0.0,0.043743,,,
01:39:28.843,91.1,76,732.3,0.0,0.0437,,,
01:39:28.887,88.6,76,739.8,0.0,0.043253,,,
01:39:28.889,,,,,,True,1,
01:39:28.919,88.7,76,275.8,166.804265,0.0,,,
01:39:28.963,89.1,76,745.8,0.0,0.075543,,,
01:39:29.006,89.7,77,730.6,0.0,0.043802,,,
01:39:29.049,90.1,77,736.2,0.0,0.043464,,,
01:39:29.093,90.2,77,729.4,0.0,0.04387,,,
01:39:29.138,85.6,77,731.3,0.0,0.043758,,,
01:39:29.140,,,,,,True,1,
01:39:29.170,85.8,77,269.2,167.055476,0.0,,,
01:39:29.212,86.1,77,764.2,0.0,0.0753,,,
01:39:29.255,86.3,77,740.8,0.0,0.043199,,,
01:39:29.299,86.9,77,742.7,0.0,0.043086,,,
01:39:29.342,87.4,77,744.3,0.0,0.042996,,,
01:39:29.385,87.6,80,741.5,0.0,0.043155,,,
01:39:29.428,87.6,80,744.9,0.0,0.042962,,,
01:39:29.471,87.6,80,745.4,0.0,0.042928,,,
01:39:29.514,88.1,80,744.6,0.0,0.042978,,,
01:39:29.557,88.1,80,737.3,0.0,0.043399,,,
01:39:29.601,88.4,76,728.7,0.0,0.043913,,,
01:39:29.644,88.9,76,737.2,0.0,0.043406,,,
01:39:29.687,89.2,76,744.3,0.0,0.042994,,,
01:39:29.731,89.9,76,738.8,0.0,0.043313,,,
01:39:29.774,90.2,76,737.4,0.0,0.043397,,,
01:39:29.819,90.4,77,711.0,0.0,0.045006,,,
01:39:29.863,91.1,77,735.1,0.0,0.043532,,,
01:39:29.906,91.4,77,737.9,0.0,0.043367,,,
01:39:29.949,91.6,77,739.6,0.0,0.043267,,,
01:39:29.993,92.2,79,734.0,0.0,0.043595,,,
01:39:30.037,92.7,79,724.8,0.0,0.04415,,,
01:39:30.082,92.9,79,722.3,0.0,0.044303,,,
01:39:30.125,92.9,79,724.8,0.0,0.044149,,,
01:39:30.170,87.6,79,721.9,0.0,0.044328,,,
01:39:30.172,,,,,,True,1,
01:39:30.202,87.7,74,272.6,168.087765,0.0,,,
01:39:30.244,88.2,74,775.3,0.0,0.074288,,,
01:39:30.288,88.2,74,726.2,0.0,0.044063,,,
01:39:30.332,88.6,74,735.6,0.0,0.043503,,,
01:39:30.375,89.1,74,735.6,0.0,0.0435,,,
01:39:30.419,89.2,79,727.3,0.0,0.043995,,,
01:39:30.463,89.9,79,730.3,0.0,0.043819,,,
01:39:30.504,90.2,79,763.1,0.0,0.041936,,,
01:39:30.546,90.6,79,775.5,0.0,0.041264,,,
01:39:30.590,91.2,80,730.2,0.0,0.043823,,,
01:39:30.631,91.6,80,776.2,0.0,0.041225,,,
01:39:30.673,91.7,80,768.2,0.0,0.041657,,,
01:39:30.717,92.4,80,736.7,0.0,0.043439,,,
01:39:30.760,92.9,80,727.8,0.0,0.043971,,,
01:39:30.804,87.7,77,729.6,0.0,0.04386,,,
01:39:30.806,,,,,,True,1,
01:39:30.836,87.9,77,276.2,168.721659,0.0,,,
01:39:30.879,87.9,77,758.4,0.0,0.074781,,,
01:39:30.923,87.9,77,730.7,0.0,0.043795,,,
01:39:30.966,88.4,77,740.9,0.0,0.043192,,,
01:39:31.009,88.4,78,736.1,0.0,0.043469,,,
01:39:31.054,88.6,78,723.9,0.0,0.044204,,,
01:39:31.098,89.1,78,730.4,0.0,0.043809,,,
01:39:31.141,89.2,78,731.2,0.0,0.043762,,,
01:39:31.185,90.1,79,735.1,0.0,0.043531,,,
01:39:31.228,90.4,79,741.5,0.0,0.043156,,,
01:39:31.271,90.7,79,741.2,0.0,0.043171,,,
01:39:31.314,86.1,79,739.2,0.0,0.043292,,,
01:39:31.316,,,,,,True,1,
01:39:31.347,86.3,79,274.3,169.232033,0.0,,,
01:39:31.389,86.6,78,770.3,0.0,0.074358,,,
01:39:31.431,86.8,78,746.9,0.0,0.042845,,,
01:39:31.475,87.4,78,741.0,0.0,0.043183,,,
01:39:31.518,87.9,78,738.4,0.0,0.043338,,,
01:39:31.562,87.9,78,741.0,0.0,0.043183,,,
01:39:31.604,87.9,76,739.4,0.0,0.043276,,,
01:39:31.647,87.9,76,744.3,0.0,0.042994,,,
01:39:31.690,88.6,76,746.8,0.0,0.042852,,,
01:39:31.733,88.6,76,742.7,0.0,0.043084,,,
01:39:31.779,88.7,79,737.4,0.0,0.043395,,,
01:39:31.823,89.2,79,698.2,0.0,0.045833,,,
01:39:31.866,89.4,79,743.2,0.0,0.043058,,,
01:39:31.909,90.2,79,736.6,0.0,0.043444,,,
01:39:31.953,86.9,79,728.1,0.0,0.043952,,,
01:39:31.955,,,,,,True,1,
01:39:31.986,87.1,76,270.4,169.871281,0.0,,,
01:39:32.028,87.4,76,761.1,0.0,0.07533,,,
01:39:32.072,88.1,76,736.5,0.0,0.043448,,,
01:39:32.116,88.4,76,736.6,0.0,0.043441,,,
01:39:32.159,88.6,76,732.1,0.0,0.043711,,,
01:39:32.204,89.2,76,705.6,0.0,0.045349,,,
01:39:32.248,89.7,76,740.3,0.0,0.043223,,,
01:39:32.291,89.7,76,739.2,0.0,0.043291,,,
01:39:32.334,89.9,76,732.2,0.0,0.043705,,,
01:39:32.379,89.9,79,738.9,0.0,0.043306,,,
01:39:32.422,90.6,79,718.3,0.0,0.044547,,,
01:39:32.466,90.6,79,736.1,0.0,0.043473,,,
01:39:32.509,90.7,79,741.0,0.0,0.043185,,,
01:39:32.553,91.2,79,733.5,0.0,0.043627,,,
01:39:32.597,86.1,77,729.1,0.0,0.04389,,,
01:39:32.599,,,,,,True,1,
01:39:32.629,86.3,77,271.6,170.514642,0.0,,,
01:39:32.671,86.9,77,765.8,0.0,0.074921,,,
01:39:32.715,87.3,77,739.5,0.0,0.043272,,,
01:39:32.759,87.6,77,733.2,0.0,0.043646,,,
01:39:32.802,86.8,77,740.0,0.0,0.043241,,,
01:39:32.804,,,,,,True,1,
01:39:32.834,86.9,77,276.3,170.719141,0.0,,,
01:39:32.877,87.1,77,757.2,0.0,0.074836,,,
01:39:32.920,87.3,77,738.5,0.0,0.043334,,,
01:39:32.964,82.6,77,731.1,0.0,0.043769,,,
01:39:32.966,,,,,,True,1,
01:39:32.996,82.8,78,276.0,170.881094,0.0,,,
01:39:33.039,83.4,78,755.2,0.0,0.074976,,,
01:39:33.082,83.4,78,736.0,0.0,0.043479,,,
01:39:33.125,83.6,78,749.0,0.0,0.042725,,,
01:39:33.167,83.6,78,749.6,0.0,0.042691,,,
01:39:33.210,84.3,77,752.1,0.0,0.042546,,,
01:39:33.253,84.3,77,746.2,0.0,0.042886,,,
01:39:33.296,84.4,77,745.8,0.0,0.042906,,,
01:39:33.339,85.1,77,741.3,0.0,0.043168,,,
01:39:33.382,85.3,81,746.2,0.0,0.042886,,,
01:39:33.427,85.9,81,711.9,0.0,0.044953,,,
01:39:33.470,86.1,81,741.7,0.0,0.043147,,,
01:39:33.513,86.4,81,744.3,0.0,0.042994,,,
01:39:33.557,87.1,81,733.6,0.0,0.043621,,,
01:39:33.600,87.3,74,739.1,0.0,0.043297,,,
01:39:33.643,87.4,74,740.1,0.0,0.043239,,,
01:39:33.687,88.1,74,723.0,0.0,0.044257,,,
01:39:33.731,88.7,74,734.0,0.0,0.043598,,,
01:39:33.775,88.7,74,738.0,0.0,0.043362,,,
01:39:33.818,88.9,77,735.1,0.0,0.043531,,,
01:39:33.862,88.9,77,731.3,0.0,0.043759,,,
01:39:33.905,89.6,77,737.7,0.0,0.043377,,,
01:39:33.948,89.6,77,743.4,0.0,0.043045,,,
01:39:33.992,89.7,78,734.3,0.0,0.043578,,,
01:39:34.035,90.4,78,735.4,0.0,0.043511,,,
01:39:34.079,86.8,78,729.1,0.0,0.043893,,,
01:39:34.082,,,,,,True,1,
01:39:34.112,86.9,78,269.7,171.997268,0.0,,,
01:39:34.155,87.4,78,749.9,0.0,0.076048,,,
01:39:34.199,87.6,77,733.1,0.0,0.043648,,,
01:39:34.243,87.9,77,729.2,0.0,0.043881,,,
01:39:34.285,88.6,77,745.4,0.0,0.042932,,,
01:39:34.328,88.7,77,745.6,0.0,0.04292,,,
01:39:34.371,88.9,77,743.6,0.0,0.043033,,,
01:39:34.418,84.3,76,693.6,0.0,0.046134,,,
01:39:34.420,,,,,,True,1,
01:39:34.450,84.4,76,272.9,172.335448,0.0,,,
01:39:34.492,85.3,76,771.0,0.0,0.074482,,,
01:39:34.536,80.1,76,742.3,0.0,0.043108,,,
01:39:34.538,,,,,,True,1,
01:39:34.568,80.3,76,269.3,172.453459,0.0,,,
01:39:34.610,80.5,78,767.1,0.0,0.075135,,,
01:39:34.653,80.5,78,746.3,0.0,0.042876,,,
01:39:34.696,81.0,78,747.8,0.0,0.04279,,,
01:39:34.740,81.0,78,735.3,0.0,0.043519,,,
01:39:34.783,81.1,80,742.6,0.0,0.043092,,,
01:39:34.825,82.0,80,750.5,0.0,0.042637,,,
01:39:34.868,82.1,80,751.2,0.0,0.042597,,,
01:39:34.911,82.6,80,749.2,0.0,0.042711,,,
01:39:34.954,77.5,80,742.8,0.0,0.043083,,,
01:39:34.956,,,,,,True,1,
01:39:34.986,77.6,76,272.4,172.871503,0.0,,,
01:39:35.028,78.0,76,777.8,0.0,0.074181,,,
01:39:35.071,78.6,76,747.9,0.0,0.042786,,,
01:39:35.113,78.8,76,751.1,0.0,0.042605,,,
01:39:35.156,79.0,76,751.3,0.0,0.042592,,,
01:39:35.198,79.5,77,754.3,0.0,0.042425,,,
01:39:35.241,80.3,77,752.3,0.0,0.042538,,,
01:39:35.283,80.3,77,755.9,0.0,0.042336,,,
01:39:35.325,80.6,77,759.4,0.0,0.042141,,,
01:39:35.367,80.6,77,756.9,0.0,0.042276,,,
01:39:35.410,81.1,76,752.1,0.0,0.042548,,,
01:39:35.453,76.3,76,744.7,0.0,0.04297,,,
01:39:35.455,,,,,,True,1,
01:39:35.486,76.5,76,271.4,173.370977,0.0,,,
01:39:35.527,71.4,76,783.2,0.0,0.074015,,,
01:39:35.529,,,,,,True,1,
01:39:35.559,71.5,76,282.5,173.443669,0.0,,,
01:39:35.600,72.4,80,787.8,0.0,0.072473,,,
01:39:35.641,72.5,80,762.1,0.0,0.041991,,,
01:39:35.683,73.0,80,770.9,0.0,0.041508,,,
01:39:35.725,73.2,80,767.5,0.0,0.041696,,,
01:39:35.766,73.3,80,766.5,0.0,0.04175,,,
01:39:35.808,73.8,76,767.6,0.0,0.041687,,,
01:39:35.850,74.2,76,759.5,0.0,0.042131,,,
01:39:35.892,74.5,76,759.9,0.0,0.042113,,,
01:39:35.935,75.0,76,758.8,0.0,0.042171,,,
01:39:35.978,75.8,79,746.3,0.0,0.04288,,,
01:39:36.021,75.8,79,742.9,0.0,0.043074,,,
01:39:36.063,76.2,79,758.5,0.0,0.04219,,,
01:39:36.105,76.2,79,762.3,0.0,0.04198,,,
01:39:36.147,74.8,79,759.9,0.0,0.042111,,,
01:39:36.149,,,,,,True,1,
01:39:36.179,75.0,77,274.3,174.064362,0.0,,,
01:39:36.221,75.0,77,781.8,0.0,0.073739,,,
01:39:36.262,75.2,77,762.0,0.0,0.041993,,,
01:39:36.304,76.0,77,777.2,0.0,0.041174,,,
01:39:36.346,76.2,77,757.7,0.0,0.042231,,,
01:39:36.388,76.7,79,756.4,0.0,0.042308,,,
01:39:36.433,76.8,79,721.5,0.0,0.044352,,,
01:39:36.475,77.0,79,755.3,0.0,0.042369,,,
01:39:36.518,77.6,79,754.3,0.0,0.042423,,,
01:39:36.560,78.0,79,755.6,0.0,0.042349,,,
01:39:36.602,78.3,74,749.0,0.0,0.042723,,,
01:39:36.645,78.6,74,760.3,0.0,0.042091,,,
01:39:36.687,79.5,74,760.9,0.0,0.042054,,,
01:39:36.729,79.5,74,758.5,0.0,0.042188,,,
01:39:36.771,79.8,74,757.6,0.0,0.042239,,,
01:39:36.813,79.8,77,749.9,0.0,0.042671,,,
01:39:36.854,75.0,77,786.0,0.0,0.040714,,,
01:39:36.856,,,,,,True,1,
01:39:36.886,75.2,77,278.2,174.771505,0.0,,,
01:39:36.927,75.2,77,787.4,0.0,0.072993,,,
01:39:36.969,75.3,77,761.9,0.0,0.042002,,,
01:39:37.012,76.2,78,755.3,0.0,0.042367,,,
01:39:37.055,76.3,78,746.8,0.0,0.042847,,,
01:39:37.098,76.7,78,744.9,0.0,0.042958,,,
01:39:37.140,76.8,78,754.8,0.0,0.042395,,,
01:39:37.182,77.0,80,760.3,0.0,0.042089,,,
01:39:37.224,77.8,80,763.9,0.0,0.041892,,,
01:39:37.266,78.1,80,761.3,0.0,0.042032,,,
01:39:37.308,78.5,80,759.5,0.0,0.042132,,,
01:39:37.353,78.8,80,718.2,0.0,0.044558,,,
01:39:37.395,79.6,75,753.0,0.0,0.042498,,,
01:39:37.438,79.6,75,752.7,0.0,0.042512,,,
01:39:37.480,74.7,75,748.8,0.0,0.042735,,,
01:39:37.483,,,,,,True,1,
01:39:37.513,74.8,75,276.3,175.39772,0.0,,,
01:39:37.554,74.8,75,778.9,0.0,0.073662,,,
01:39:37.596,75.3,78,765.4,0.0,0.041809,,,
01:39:37.638,75.3,78,763.3,0.0,0.041923,,,
01:39:37.680,75.5,78,760.7,0.0,0.042068,,,
01:39:37.722,76.2,78,765.7,0.0,0.041794,,,
01:39:37.764,76.3,78,762.8,0.0,0.041952,,,
01:39:37.806,72.8,76,759.0,0.0,0.042159,,,
01:39:37.808,,,,,,True,1,
01:39:37.838,73.0,76,277.6,175.722908,0.0,,,
01:39:37.879,73.3,76,784.0,0.0,0.073237,,,
01:39:37.921,73.5,76,761.1,0.0,0.042042,,,
01:39:37.963,74.2,76,763.0,0.0,0.041941,,,
01:39:38.005,74.5,78,761.5,0.0,0.042023,,,
01:39:38.047,74.8,78,759.8,0.0,0.042118,,,
01:39:38.089,75.2,78,760.4,0.0,0.042082,,,
01:39:38.131,76.0,78,757.4,0.0,0.042252,,,
01:39:38.174,76.2,78,759.1,0.0,0.042156,,,
01:39:38.217,71.2,78,748.6,0.0,0.042745,,,
01:39:38.219,,,,,,True,1,
01:39:38.249,71.4,78,268.5,176.134591,0.0,,,
01:39:38.290,71.4,78,789.6,0.0,0.074053,,,
01:39:38.332,71.9,78,765.0,0.0,0.04183,,,
01:39:38.377,71.9,78,742.2,0.0,0.043114,,,
01:39:38.421,72.0,78,706.4,0.0,0.045301,,,
01:39:38.463,72.5,78,764.3,0.0,0.041867,,,
01:39:38.504,72.7,78,768.9,0.0,0.041618,,,
01:39:38.546,73.0,78,769.5,0.0,0.041587,,,
01:39:38.587,73.5,76,769.4,0.0,0.041589,,,
01:39:38.629,73.7,76,769.2,0.0,0.041601,,,
01:39:38.671,74.3,76,762.3,0.0,0.041978,,,
01:39:38.714,74.7,76,745.2,0.0,0.042943,,,
01:39:38.757,73.2,76,744.4,0.0,0.042988,,,
01:39:38.760,,,,,,True,1,
01:39:38.790,73.3,75,268.5,176.675035,0.0,,,
01:39:38.832,73.7,75,770.8,0.0,0.075034,,,
01:39:38.875,74.5,75,743.6,0.0,0.043035,,,
01:39:38.918,74.7,75,742.2,0.0,0.043114,,,
01:39:38.961,75.0,75,739.9,0.0,0.043252,,,
01:39:39.004,75.0,76,754.7,0.0,0.042401,,,
01:39:39.048,75.3,76,729.7,0.0,0.043856,,,
01:39:39.092,75.3,76,727.2,0.0,0.044006,,,
01:39:39.136,75.7,76,730.9,0.0,0.043784,,,
01:39:39.179,76.2,77,740.4,0.0,0.043223,,,
01:39:39.222,76.3,77,737.0,0.0,0.043419,,,
01:39:39.265,76.7,77,747.7,0.0,0.042799,,,
01:39:39.307,77.2,77,757.8,0.0,0.042229,,,
01:39:39.349,77.3,77,754.3,0.0,0.042422,,,
01:39:39.392,78.0,75,753.8,0.0,0.042453,,,
01:39:39.435,78.3,75,755.3,0.0,0.042366,,,
01:39:39.477,78.6,75,756.3,0.0,0.04231,,,
01:39:39.519,79.0,75,756.2,0.0,0.04232,,,
01:39:39.562,79.8,75,748.8,0.0,0.042737,,,
01:39:39.604,80.0,76,755.9,0.0,0.042335,,,
01:39:39.646,80.3,76,759.6,0.0,0.04213,,,
01:39:39.688,80.3,76,758.9,0.0,0.042165,,,
01:39:39.730,80.6,76,760.0,0.0,0.042107,,,
01:39:39.773,80.6,76,752.2,0.0,0.042542,,,
01:39:39.816,81.0,78,743.2,0.0,0.043058,,,
01:39:39.859,81.5,78,753.0,0.0,0.042495,,,
01:39:39.901,81.6,78,750.3,0.0,0.042651,,,
01:39:39.944,82.0,78,754.3,0.0,0.042426,,,
01:39:39.987,82.5,78,741.8,0.0,0.043138,,,
01:39:40.029,82.6,78,748.3,0.0,0.042766,,,
01:39:40.072,83.3,78,747.5,0.0,0.04281,,,
01:39:40.116,82.5,78,741.7,0.0,0.043146,,,
01:39:40.118,,,,,,True,1,
01:39:40.149,82.6,78,269.4,178.03344,0.0,,,
01:39:40.194,82.8,77,725.1,0.0,0.077543,,,
01:39:40.236,83.1,77,739.5,0.0,0.043271,,,
01:39:40.279,83.9,77,759.1,0.0,0.042156,,,
01:39:40.322,84.1,77,730.4,0.0,0.043809,,,
01:39:40.365,84.4,77,748.4,0.0,0.042756,,,
01:39:40.408,84.4,75,750.4,0.0,0.042643,,,
01:39:40.450,84.8,75,746.8,0.0,0.042849,,,
01:39:40.494,84.9,75,741.6,0.0,0.043148,,,
01:39:40.537,85.3,75,741.2,0.0,0.043175,,,
01:39:40.580,85.8,80,744.7,0.0,0.042972,,,
01:39:40.622,85.9,80,750.7,0.0,0.042625,,,
01:39:40.665,86.3,80,747.7,0.0,0.0428,,,
01:39:40.708,86.8,80,748.5,0.0,0.04275,,,
01:39:40.751,86.9,80,744.8,0.0,0.042964,,,
01:39:40.794,87.6,76,742.1,0.0,0.043122,,,
01:39:40.838,87.9,76,729.3,0.0,0.043879,,,
01:39:40.881,88.1,76,739.3,0.0,0.043282,,,
01:39:40.924,88.4,76,741.7,0.0,0.043146,,,
01:39:40.968,89.2,76,737.6,0.0,0.043382,,,
01:39:41.011,89.4,75,739.8,0.0,0.043253,,,
01:39:41.055,89.7,75,731.6,0.0,0.043738,,,
01:39:41.099,89.7,75,729.6,0.0,0.043858,,,
01:39:41.142,89.7,75,731.8,0.0,0.04373,,,
01:39:41.145,,,,,,True,1,
01:39:41.176,89.9,80,275.8,179.059497,0.0,,,
01:39:41.219,89.9,80,724.9,0.0,0.076775,,,
01:39:41.262,90.2,80,738.6,0.0,0.043323,,,
01:39:41.305,90.7,80,741.0,0.0,0.043182,,,
01:39:41.349,90.9,80,738.2,0.0,0.043348,,,
01:39:41.393,91.2,77,732.2,0.0,0.043701,,,
01:39:41.437,91.7,77,728.8,0.0,0.043908,,,
01:39:41.480,86.6,77,732.0,0.0,0.043718,,,
01:39:41.482,,,,,,True,1,
01:39:41.513,86.8,77,275.2,179.397499,0.0,,,
01:39:41.555,87.6,77,759.2,0.0,0.074853,,,
01:39:41.598,87.9,78,742.4,0.0,0.043106,,,
01:39:41.641,88.1,78,739.1,0.0,0.043296,,,
01:39:41.685,88.4,78,742.3,0.0,0.043108,,,
01:39:41.727,89.1,78,745.4,0.0,0.042928,,,
01:39:41.771,89.2,78,741.9,0.0,0.043132,,,
01:39:41.815,89.6,77,718.1,0.0,0.044563,,,
01:39:41.859,89.7,77,735.7,0.0,0.043495,,,
01:39:41.902,90.1,77,739.8,0.0,0.043257,,,
01:39:41.947,84.8,77,708.2,0.0,0.045184,,,
01:39:41.949,,,,,,True,1,
01:39:41.979,84.9,78,274.3,179.864502,0.0,,,
01:39:42.022,85.3,78,765.0,0.0,0.074636,,,
01:39:42.065,85.8,78,745.5,0.0,0.042925,,,
01:39:42.108,85.9,78,740.3,0.0,0.043225,,,
01:39:42.149,81.0,78,772.0,0.0,0.041451,,,
01:39:42.150,,,,,,True,1,
01:39:42.182,81.1,78,270.0,180.067253,0.0,,,
01:39:42.223,81.5,78,785.0,0.0,0.074102,,,
01:39:42.266,76.3,78,751.3,0.0,0.04259,,,
01:39:42.268,,,,,,True,1,
01:39:42.298,76.5,78,274.5,180.18337,0.0,,,
01:39:42.340,77.3,78,780.8,0.0,0.073767,,,
01:39:42.382,77.8,81,758.9,0.0,0.042166,,,
01:39:42.424,77.8,81,761.1,0.0,0.042044,,,
01:39:42.466,78.1,81,758.8,0.0,0.042171,,,
01:39:42.509,78.6,81,753.2,0.0,0.042488,,,
01:39:42.552,79.0,81,745.5,0.0,0.042925,,,
01:39:42.594,79.3,76,750.1,0.0,0.042659,,,
01:39:42.637,79.6,76,755.2,0.0,0.042375,,,
01:39:42.679,80.0,76,754.8,0.0,0.042394,,,
01:39:42.721,80.0,76,760.8,0.0,0.04206,,,
01:39:42.764,80.3,76,753.5,0.0,0.042467,,,
01:39:42.808,80.8,75,717.9,0.0,0.044574,,,
01:39:42.851,81.0,75,743.8,0.0,0.043025,,,
01:39:42.895,81.3,75,742.1,0.0,0.04312,,,
01:39:42.938,81.6,75,742.2,0.0,0.043117,,,
01:39:42.982,81.8,79,718.5,0.0,0.044535,,,
01:39:43.023,82.6,79,771.9,0.0,0.041454,,,
01:39:43.064,83.1,79,789.6,0.0,0.040529,,,
01:39:43.107,83.1,79,741.1,0.0,0.043176,,,
01:39:43.151,83.4,79,736.1,0.0,0.04347,,,
01:39:43.194,83.9,77,743.6,0.0,0.043036,,,
01:39:43.237,84.3,77,745.5,0.0,0.042926,,,
01:39:43.280,79.3,77,737.8,0.0,0.043371,,,
01:39:43.282,,,,,,True,1,
01:39:43.312,79.5,77,275.4,181.197106,0.0,,,
01:39:43.354,74.5,77,772.6,0.0,0.074102,,,
01:39:43.356,,,,,,True,1,
01:39:43.386,74.7,78,278.2,181.27085,0.0,,,
01:39:43.427,75.0,78,783.2,0.0,0.073205,,,
01:39:43.469,75.0,78,758.7,0.0,0.042178,,,
01:39:43.512,75.3,78,753.1,0.0,0.04249,,,
01:39:43.554,75.7,78,756.3,0.0,0.04231,,,
01:39:43.599,75.7,76,719.8,0.0,0.044457,,,
01:39:43.642,76.0,76,747.8,0.0,0.042794,,,
01:39:43.685,76.5,76,743.8,0.0,0.043022,,,
01:39:43.727,71.5,76,752.7,0.0,0.042512,,,
01:39:43.729,,,,,,True,1,
01:39:43.759,71.7,76,275.3,181.644138,0.0,,,
01:39:43.800,72.5,77,789.1,0.0,0.073237,,,
01:39:43.842,73.0,77,768.2,0.0,0.041654,,,
01:39:43.883,73.0,77,769.7,0.0,0.041572,,,
01:39:43.925,73.3,77,762.7,0.0,0.041956,,,
01:39:43.967,73.7,77,763.5,0.0,0.041912,,,
01:39:44.010,74.0,76,759.9,0.0,0.042109,,,
01:39:44.052,74.3,76,753.1,0.0,0.04249,,,
01:39:44.094,74.8,76,755.4,0.0,0.04236,,,
01:39:44.137,75.2,76,756.7,0.0,0.042291,,,
01:39:44.179,75.2,80,756.3,0.0,0.042311,,,
01:39:44.221,75.5,80,763.1,0.0,0.041933,,,
01:39:44.263,75.8,80,760.9,0.0,0.042056,,,
01:39:44.305,75.8,80,763.3,0.0,0.041921,,,
01:39:44.347,76.2,80,758.3,0.0,0.0422,,,
01:39:44.389,76.7,76,754.9,0.0,0.042392,,,
01:39:44.432,77.0,76,754.8,0.0,0.042397,,,
01:39:44.475,77.8,76,750.3,0.0,0.042652,,,
01:39:44.517,78.3,76,752.5,0.0,0.042523,,,
01:39:44.559,78.3,76,754.3,0.0,0.042425,,,
01:39:44.602,78.6,75,757.4,0.0,0.04225,,,
01:39:44.644,79.0,75,758.7,0.0,0.042179,,,
01:39:44.686,76.5,75,759.7,0.0,0.04212,,,
01:39:44.688,,,,,,True,1,
01:39:44.718,76.7,75,276.6,182.602912,0.0,,,
01:39:44.759,77.0,75,785.5,0.0,0.073274,,,
01:39:44.801,77.5,79,757.7,0.0,0.042235,,,
01:39:44.844,77.6,79,758.9,0.0,0.042164,,,
01:39:44.886,77.6,79,761.1,0.0,0.042043,,,
01:39:44.928,78.0,79,760.7,0.0,0.042067,,,
01:39:45.132,78.3,78,156.8,0.0,0.204111,,,
01:39:45.175,78.3,16,738.8,0.0,0.043312,,,
01:39:45.218,78.8,16,744.0,0.0,0.043009,,,
01:39:45.260,79.3,16,756.6,0.0,0.042296,,,
01:39:45.302,79.6,16,760.9,0.0,0.042055,,,
01:39:45.345,80.5,16,757.0,0.0,0.042273,,,
01:39:45.387,81.0,77,758.1,0.0,0.042212,,,
01:39:45.430,78.0,77,746.7,0.0,0.042856,,,
01:39:45.432,,,,,,True,1,
01:39:45.462,78.1,77,272.9,183.34725,0.0,,,
01:39:45.504,78.5,77,782.9,0.0,0.073859,,,
01:39:45.546,78.6,77,758.8,0.0,0.042174,,,
01:39:45.588,79.0,78,762.6,0.0,0.041959,,,
01:39:45.630,79.3,78,754.5,0.0,0.04241,,,
01:39:45.673,79.8,78,750.1,0.0,0.042663,,,
01:39:45.716,80.0,78,747.2,0.0,0.042825,,,
01:39:45.758,80.0,78,750.3,0.0,0.042651,,,
01:39:45.801,80.5,76,755.7,0.0,0.042347,,,
01:39:45.843,80.8,76,755.7,0.0,0.042343,,,
01:39:45.886,75.5,76,754.2,0.0,0.04243,,,
01:39:45.888,,,,,,True,1,
01:39:45.917,75.7,76,277.2,183.802378,0.0,,,
01:39:45.959,76.2,76,780.8,0.0,0.073453,,,
01:39:46.001,71.4,78,755.2,0.0,0.042374,,,
01:39:46.004,,,,,,True,1,
01:39:46.034,71.5,78,274.5,183.91851,0.0,,,
01:39:46.075,71.9,78,778.7,0.0,0.073884,,,
01:39:46.117,72.7,78,758.8,0.0,0.042174,,,
01:39:46.159,73.0,78,768.8,0.0,0.041624,,,
01:39:46.201,73.0,78,768.8,0.0,0.041624,,,
01:39:46.242,73.2,78,764.3,0.0,0.041867,,,
01:39:46.285,73.5,78,758.8,0.0,0.042173,,,
01:39:46.327,73.8,78,759.8,0.0,0.042119,,,
01:39:46.369,74.3,78,758.3,0.0,0.042202,,,
01:39:46.413,74.8,77,737.0,0.0,0.043418,,,
01:39:46.455,75.0,77,751.6,0.0,0.042574,,,
01:39:46.497,75.0,77,754.6,0.0,0.042404,,,
01:39:46.539,75.5,77,761.7,0.0,0.042011,,,
01:39:46.581,75.8,78,762.1,0.0,0.04199,,,
01:39:46.623,75.8,78,764.6,0.0,0.041851,,,
01:39:46.665,73.3,78,765.0,0.0,0.041831,,,
01:39:46.667,,,,,,True,1,
01:39:46.697,73.5,78,275.2,184.582148,0.0,,,
01:39:46.738,74.0,78,786.8,0.0,0.073371,,,
01:39:46.780,74.3,79,764.7,0.0,0.041845,,,
01:39:46.822,75.2,79,765.2,0.0,0.041821,,,
01:39:46.864,75.5,79,762.7,0.0,0.041958,,,
01:39:46.906,75.5,79,762.1,0.0,0.04199,,,
01:39:46.948,75.7,79,757.6,0.0,0.042241,,,
01:39:46.993,76.0,75,726.4,0.0,0.044055,,,
01:39:47.036,71.2,75,745.4,0.0,0.04293,,,
01:39:47.038,,,,,,True,1,
01:39:47.068,71.4,75,268.5,184.953159,0.0,,,
01:39:47.113,71.9,75,724.0,0.0,0.077719,,,
01:39:47.156,72.4,75,747.5,0.0,0.042808,,,
01:39:47.198,72.5,75,752.6,0.0,0.04252,,,
01:39:47.240,72.5,75,760.2,0.0,0.042095,,,
01:39:47.282,72.8,75,764.8,0.0,0.041839,,,
01:39:47.324,62.4,75,765.5,0.0,0.041803,,,
01:39:47.326,,,,,,True,2,
01:39:47.356,62.7,75,553.2,185.240923,0.0,,,
01:39:47.397,62.7,78,797.1,0.0,0.072684,,,
01:39:47.438,63.4,78,778.2,0.0,0.04112,,,
01:39:47.479,63.9,78,776.5,0.0,0.041212,,,
01:39:47.520,64.2,78,775.0,0.0,0.041289,,,
01:39:47.562,64.7,78,770.1,0.0,0.041551,,,
01:39:47.603,65.1,76,777.2,0.0,0.041172,,,
01:39:47.644,65.1,76,776.8,0.0,0.041197,,,
01:39:47.685,65.6,76,778.3,0.0,0.041116,,,
01:39:47.726,65.9,76,779.9,0.0,0.04103,,,
01:39:47.768,66.4,76,772.6,0.0,0.041416,,,
01:39:47.811,66.9,77,738.2,0.0,0.04335,,,
01:39:47.853,67.4,77,772.1,0.0,0.041445,,,
01:39:47.894,67.5,77,769.3,0.0,0.041598,,,
01:39:47.936,67.5,77,765.8,0.0,0.041785,,,
01:39:47.978,67.9,79,767.6,0.0,0.041687,,,
01:39:48.020,68.0,79,765.2,0.0,0.041817,,,
01:39:48.061,68.0,79,768.0,0.0,0.041668,,,
01:39:48.103,68.7,79,768.2,0.0,0.041656,,,
01:39:48.145,69.2,79,767.4,0.0,0.041701,,,
01:39:48.186,69.5,76,774.8,0.0,0.041303,,,
01:39:48.228,70.0,76,763.6,0.0,0.041904,,,
01:39:48.270,70.4,76,766.4,0.0,0.041752,,,
01:39:48.312,67.4,76,767.2,0.0,0.04171,,,
01:39:48.314,,,,,,True,1,
01:39:48.343,67.5,76,275.5,186.228173,0.0,,,
01:39:48.384,68.0,78,799.6,0.0,0.07269,,,
01:39:48.425,68.4,78,774.1,0.0,0.04134,,,
01:39:48.467,68.9,78,773.7,0.0,0.041362,,,
01:39:48.509,69.4,78,770.5,0.0,0.04153,,,
01:39:48.550,69.9,78,763.7,0.0,0.041901,,,
01:39:48.592,69.0,76,763.1,0.0,0.041934,,,
01:39:48.594,,,,,,True,1,
01:39:48.625,69.2,76,268.9,186.509709,0.0,,,
01:39:48.666,69.2,76,796.1,0.0,0.07366,,,
01:39:48.708,69.7,76,763.5,0.0,0.041912,,,
01:39:48.750,69.9,76,758.9,0.0,0.042165,,,
01:39:48.792,69.9,77,762.9,0.0,0.041946,,,
01:39:48.834,70.4,77,760.1,0.0,0.042098,,,
01:39:48.876,70.9,77,762.9,0.0,0.041945,,,
01:39:48.918,71.2,77,759.8,0.0,0.042114,,,
01:39:48.959,71.7,77,769.2,0.0,0.041602,,,
01:39:49.001,72.0,76,767.4,0.0,0.041697,,,
01:39:49.043,72.0,76,768.3,0.0,0.041652,,,
01:39:49.084,72.5,76,767.7,0.0,0.041682,,,
01:39:49.126,72.8,76,762.9,0.0,0.041948,,,
01:39:49.169,70.0,76,753.2,0.0,0.042487,,,
01:39:49.171,,,,,,True,1,
01:39:49.202,70.2,78,265.4,187.087039,0.0,,,
01:39:49.243,70.7,78,794.2,0.0,0.074206,,,
01:39:49.284,71.2,78,772.0,0.0,0.041452,,,
01:39:49.326,71.4,78,771.1,0.0,0.041502,,,
01:39:49.368,71.4,78,768.0,0.0,0.041666,,,
01:39:49.411,71.9,77,736.7,0.0,0.043436,,,
01:39:49.453,72.0,77,763.2,0.0,0.041931,,,
01:39:49.495,72.0,77,763.7,0.0,0.041901,,,
01:39:49.537,72.7,77,765.3,0.0,0.041816,,,
01:39:49.578,73.2,79,769.8,0.0,0.041569,,,
01:39:49.620,73.5,79,769.8,0.0,0.041571,,,
01:39:49.662,74.0,79,768.3,0.0,0.041648,,,
01:39:49.703,74.2,79,765.8,0.0,0.041786,,,
01:39:49.746,74.2,79,755.1,0.0,0.04238,,,
01:39:49.788,74.7,76,762.8,0.0,0.041951,,,
01:39:49.830,75.0,76,762.2,0.0,0.041981,,,
01:39:49.872,75.5,76,759.4,0.0,0.042137,,,
01:39:49.914,76.0,76,756.7,0.0,0.042287,,,
01:39:49.956,76.5,76,754.5,0.0,0.042411,,,
01:39:49.999,76.7,76,756.9,0.0,0.04228,,,
01:39:50.041,76.7,76,760.5,0.0,0.042076,,,
01:39:50.083,77.2,76,758.0,0.0,0.042219,,,
01:39:50.125,77.3,76,760.7,0.0,0.042064,,,
01:39:50.168,77.3,76,753.0,0.0,0.042496,,,
01:39:50.212,78.0,77,720.0,0.0,0.044446,,,
01:39:50.256,78.5,77,732.0,0.0,0.043715,,,
01:39:50.299,78.8,77,749.2,0.0,0.042714,,,
01:39:50.341,79.3,77,750.5,0.0,0.042639,,,
01:39:50.385,79.5,77,725.7,0.0,0.044093,,,
01:39:50.428,79.5,77,753.0,0.0,0.042499,,,
01:39:50.470,80.0,77,751.9,0.0,0.042561,,,
01:39:50.513,80.3,77,749.0,0.0,0.042726,,,
01:39:50.556,80.8,77,754.4,0.0,0.04242,,,
01:39:50.598,81.3,76,752.3,0.0,0.042538,,,
01:39:50.642,81.8,76,729.4,0.0,0.04387,,,
01:39:50.684,82.0,76,752.4,0.0,0.042531,,,
01:39:50.727,82.0,76,756.5,0.0,0.0423,,,
01:39:50.770,82.5,76,749.4,0.0,0.0427,,,
01:39:50.812,82.6,78,746.7,0.0,0.042858,,,
01:39:50.855,82.6,78,751.2,0.0,0.042596,,,
01:39:50.898,83.3,78,745.2,0.0,0.042943,,,
01:39:50.941,78.5,78,746.8,0.0,0.04285,,,
01:39:50.943,,,,,,True,1,
01:39:50.973,78.6,79,275.8,188.857505,0.0,,,
01:39:51.015,79.0,79,765.5,0.0,0.074435,,,
01:39:51.058,79.5,79,745.5,0.0,0.042926,,,
01:39:51.100,79.6,79,755.0,0.0,0.042386,,,
01:39:51.143,79.6,79,746.5,0.0,0.042868,,,
01:39:51.186,80.0,77,750.5,0.0,0.042638,,,
01:39:51.229,80.3,77,747.4,0.0,0.042818,,,
01:39:51.271,80.8,77,751.4,0.0,0.042589,,,
01:39:51.315,81.5,77,745.9,0.0,0.042904,,,
01:39:51.357,82.0,77,740.2,0.0,0.043231,,,
01:39:51.397,82.1,75,790.8,0.0,0.040464,,,
01:39:51.438,82.1,75,785.2,0.0,0.040754,,,
01:39:51.480,82.6,75,774.1,0.0,0.041337,,,
01:39:51.523,82.8,75,748.6,0.0,0.042744,,,
01:39:51.565,82.8,75,752.1,0.0,0.042547,,,
01:39:51.608,83.4,79,744.4,0.0,0.04299,,,
01:39:51.653,83.9,79,716.3,0.0,0.044673,,,
01:39:51.696,84.3,79,745.3,0.0,0.042934,,,
01:39:51.738,84.8,79,750.9,0.0,0.042617,,,
01:39:51.781,84.9,80,748.8,0.0,0.042732,,,
01:39:51.824,84.9,80,749.9,0.0,0.042675,,,
01:39:51.867,80.0,80,744.7,0.0,0.042972,,,
01:39:51.869,,,,,,True,1,
01:39:51.899,80.1,80,272.3,189.784139,0.0,,,
01:39:51.941,80.5,80,771.3,0.0,0.074539,,,
01:39:51.984,81.0,78,748.9,0.0,0.042727,,,
01:39:52.027,81.6,78,743.8,0.0,0.043025,,,
01:39:52.070,82.1,78,742.5,0.0,0.0431,,,
01:39:52.112,82.1,78,762.9,0.0,0.041945,,,
01:39:52.154,82.1,78,766.3,0.0,0.041762,,,
01:39:52.197,82.6,76,749.5,0.0,0.042697,,,
01:39:52.239,82.9,76,753.9,0.0,0.042448,,,
01:39:52.282,82.9,76,750.0,0.0,0.042666,,,
01:39:52.324,83.6,76,752.2,0.0,0.042542,,,
01:39:52.367,84.1,76,749.9,0.0,0.04267,,,
01:39:52.412,84.4,78,721.4,0.0,0.044359,,,
01:39:52.455,84.9,78,744.0,0.0,0.043011,,,
01:39:52.497,85.1,78,743.1,0.0,0.043062,,,
01:39:52.540,85.1,78,749.9,0.0,0.042675,,,
01:39:52.583,85.4,79,743.6,0.0,0.043035,,,
01:39:52.626,85.8,79,747.9,0.0,0.042786,,,
01:39:52.670,86.3,79,739.6,0.0,0.043267,,,
01:39:52.713,86.9,79,736.1,0.0,0.043473,,,
01:39:52.756,87.4,79,738.5,0.0,0.04333,,,
01:39:52.799,87.4,76,745.0,0.0,0.042955,,,
01:39:52.842,85.6,76,745.7,0.0,0.042915,,,
01:39:52.844,,,,,,True,1,
01:39:52.874,85.8,76,275.8,190.758693,0.0,,,
01:39:52.916,79.1,76,766.7,0.0,0.074375,,,
01:39:52.918,,,,,,True,2,
01:39:52.948,79.5,76,558.0,190.832675,0.0,,,
01:39:52.991,79.8,80,765.8,0.0,0.074046,,,
01:39:53.034,79.8,80,745.5,0.0,0.042926,,,
01:39:53.076,80.5,80,744.9,0.0,0.042956,,,
01:39:53.119,81.0,80,750.9,0.0,0.042617,,,
01:39:53.161,81.1,80,750.2,0.0,0.042653,,,
01:39:53.204,81.6,75,752.4,0.0,0.042529,,,
01:39:53.247,82.0,75,746.4,0.0,0.042873,,,
01:39:53.290,82.3,75,747.2,0.0,0.042826,,,
01:39:53.333,82.6,75,744.3,0.0,0.042993,,,
01:39:53.376,82.9,80,747.1,0.0,0.042835,,,
01:39:53.418,83.3,80,747.2,0.0,0.042828,,,
01:39:53.461,83.9,80,742.4,0.0,0.043101,,,
01:39:53.504,84.4,80,746.7,0.0,0.042858,,,
01:39:53.547,79.1,80,743.0,0.0,0.043066,,,
01:39:53.550,,,,,,True,1,
01:39:53.580,79.3,76,271.9,191.464589,0.0,,,
01:39:53.622,79.3,76,769.0,0.0,0.074717,,,
01:39:53.666,79.6,76,737.2,0.0,0.043409,,,
01:39:53.709,80.0,76,735.0,0.0,0.043537,,,
01:39:53.753,80.0,76,737.8,0.0,0.04337,,,
01:39:53.795,80.5,76,745.7,0.0,0.042911,,,
01:39:53.839,81.0,76,724.0,0.0,0.044201,,,
01:39:53.882,81.1,76,753.6,0.0,0.042461,,,
01:39:53.925,81.8,76,749.6,0.0,0.042691,,,
01:39:53.968,82.1,76,739.5,0.0,0.043273,,,
01:39:54.011,82.5,77,743.9,0.0,0.043019,,,
01:39:54.054,82.8,77,742.8,0.0,0.043078,,,
01:39:54.097,80.3,77,741.5,0.0,0.043157,,,
01:39:54.099,,,,,,True,1,
01:39:54.130,80.5,77,275.0,192.014015,0.0,,,
01:39:54.172,80.6,79,766.0,0.0,0.074498,,,
01:39:54.215,81.3,79,744.8,0.0,0.042962,,,
01:39:54.257,81.8,79,751.7,0.0,0.04257,,,
01:39:54.300,81.8,79,755.8,0.0,0.042337,,,
01:39:54.342,81.8,79,757.0,0.0,0.042274,,,
01:39:54.384,82.1,77,755.5,0.0,0.042355,,,
01:39:54.427,82.5,77,751.5,0.0,0.042579,,,
01:39:54.470,82.6,77,746.5,0.0,0.042865,,,
01:39:54.512,83.1,77,750.7,0.0,0.042629,,,
01:39:54.555,83.6,77,747.8,0.0,0.042793,,,
01:39:54.598,82.3,76,751.6,0.0,0.042576,,,
01:39:54.600,,,,,,True,1,
01:39:54.630,82.5,76,275.5,192.514369,0.0,,,
01:39:54.672,83.1,76,762.8,0.0,0.074613,,,
01:39:54.715,78.1,76,745.3,0.0,0.042935,,,
01:39:54.717,,,,,,True,1,
01:39:54.746,78.3,76,280.8,192.631286,0.0,,,
01:39:54.784,78.6,81,855.0,0.0,0.069476,,,
01:39:54.822,79.0,81,854.1,0.0,0.037468,,,
01:39:54.859,79.3,81,854.3,0.0,0.037456,,,
01:39:54.896,79.5,81,857.7,0.0,0.037307,,,
01:39:54.934,80.0,81,855.3,0.0,0.037412,,,
01:39:54.972,80.6,89,846.6,0.0,0.037798,,,
01:39:55.010,76.7,89,832.1,0.0,0.038459,,,
01:39:55.011,,,,,,True,1,
01:39:55.040,76.8,89,295.0,192.925109,0.0,,,
01:39:55.077,77.0,89,868.7,0.0,0.067347,,,
01:39:55.115,77.3,89,844.1,0.0,0.037909,,,
01:39:55.153,77.6,89,850.9,0.0,0.037606,,,
01:39:55.191,77.8,86,847.3,0.0,0.037766,,,
01:39:55.229,78.1,86,845.6,0.0,0.037844,,,
01:39:55.266,78.5,86,844.9,0.0,0.037875,,,
01:39:55.304,78.6,86,846.0,0.0,0.037827,,,
01:39:55.342,79.5,86,849.5,0.0,0.037669,,,
01:39:55.379,79.8,88,851.7,0.0,0.03757,,,
01:39:55.417,80.1,88,849.9,0.0,0.037651,,,
01:39:55.455,80.5,88,847.7,0.0,0.03775,,,
01:39:55.493,80.8,88,845.9,0.0,0.037829,,,
01:39:55.531,81.0,88,839.0,0.0,0.038142,,,
01:39:55.572,76.2,87,837.7,0.0,0.038201,,,
01:39:55.573,,,,,,True,1,
01:39:55.602,76.3,87,272.5,193.486593,0.0,,,
01:39:55.638,77.0,87,874.4,0.0,0.069622,,,
01:39:55.675,77.0,87,862.8,0.0,0.03709,,,
01:39:55.713,77.2,87,863.7,0.0,0.037051,,,
01:39:55.750,77.5,87,850.6,0.0,0.037619,,,
01:39:55.788,77.6,86,845.7,0.0,0.037837,,,
01:39:55.826,77.8,86,851.4,0.0,0.037587,,,
01:39:55.863,78.1,86,857.3,0.0,0.037327,,,
01:39:55.900,78.6,86,857.8,0.0,0.037306,,,
01:39:55.938,78.8,86,857.7,0.0,0.037311,,,
01:39:55.975,79.6,89,856.8,0.0,0.037347,,,
01:39:56.013,80.0,89,854.9,0.0,0.037433,,,
01:39:56.050,80.3,89,844.9,0.0,0.037876,,,
01:39:56.088,80.6,89,842.3,0.0,0.037992,,,
01:39:56.126,81.0,89,842.2,0.0,0.037995,,,
01:39:56.164,81.1,89,853.2,0.0,0.037505,,,
01:39:56.201,81.6,86,856.4,0.0,0.037367,,,
01:39:56.239,82.3,86,854.2,0.0,0.037462,,,
01:39:56.276,82.3,86,849.5,0.0,0.03767,,,
01:39:56.314,82.5,86,846.5,0.0,0.037801,,,
01:39:56.352,82.8,86,849.0,0.0,0.03769,,,
01:39:56.390,82.9,88,840.2,0.0,0.038087,,,
01:39:56.428,83.1,88,838.2,0.0,0.038176,,,
01:39:56.466,83.4,88,837.0,0.0,0.03823,,,
01:39:56.505,83.9,88,838.8,0.0,0.038151,,,
01:39:56.543,78.8,88,823.7,0.0,0.03885,,,
01:39:56.544,,,,,,True,1,
01:39:56.573,79.0,87,300.9,194.457834,0.0,,,
01:39:56.611,79.8,87,858.6,0.0,0.067176,,,
01:39:56.649,80.1,87,840.4,0.0,0.038077,,,
01:39:56.686,80.5,87,843.8,0.0,0.037925,,,
01:39:56.724,80.8,87,851.4,0.0,0.037583,,,
01:39:56.761,81.0,87,860.0,0.0,0.037211,,,
01:39:56.798,81.1,86,856.7,0.0,0.037353,,,
01:39:56.836,81.6,86,855.7,0.0,0.037397,,,
01:39:56.874,82.5,86,855.6,0.0,0.037401,,,
01:39:56.911,77.2,86,846.0,0.0,0.037827,,,
01:39:56.912,,,,,,True,1,
01:39:56.942,77.3,86,294.3,194.82644,0.0,,,
01:39:56.978,77.5,89,869.8,0.0,0.06737,,,
01:39:57.016,77.8,89,858.8,0.0,0.037262,,,
01:39:57.053,78.0,89,858.5,0.0,0.037275,,,
01:39:57.091,78.1,89,847.4,0.0,0.037763,,,
01:39:57.129,78.3,89,835.9,0.0,0.038283,,,
01:39:57.167,78.8,89,841.7,0.0,0.038017,,,
01:39:57.206,79.0,86,815.1,0.0,0.039259,,,
01:39:57.244,80.0,86,853.5,0.0,0.037492,,,
01:39:57.281,75.0,86,860.1,0.0,0.037204,,,
01:39:57.282,,,,,,True,1,
01:39:57.311,75.2,86,303.2,195.195451,0.0,,,
01:39:57.348,75.5,86,861.0,0.0,0.066853,,,
01:39:57.385,75.8,87,858.2,0.0,0.037287,,,
01:39:57.422,76.0,87,864.0,0.0,0.037039,,,
01:39:57.459,76.2,87,867.0,0.0,0.036907,,,
01:39:57.496,76.5,87,865.2,0.0,0.036985,,,
01:39:57.533,77.3,87,864.2,0.0,0.037027,,,
01:39:57.571,77.3,89,860.0,0.0,0.03721,,,
01:39:57.609,77.6,89,836.2,0.0,0.038269,,,
01:39:57.646,78.0,89,852.5,0.0,0.037536,,,
01:39:57.683,78.1,89,857.8,0.0,0.037303,,,
01:39:57.720,78.3,89,866.3,0.0,0.036938,,,
01:39:57.758,78.5,89,861.7,0.0,0.037137,,,
01:39:57.795,79.0,86,862.2,0.0,0.037114,,,
01:39:57.832,79.1,86,861.6,0.0,0.037142,,,
01:39:57.870,80.1,86,851.7,0.0,0.03757,,,
01:39:57.907,76.3,86,845.9,0.0,0.037831,,,
01:39:57.908,,,,,,True,1,
01:39:57.937,76.5,86,297.7,195.822131,0.0,,,
01:39:57.974,75.8,89,872.1,0.0,0.066931,,,
01:39:57.975,,,,,,True,1,
01:39:58.004,76.0,89,303.9,195.888422,0.0,,,
01:39:58.041,76.3,89,861.7,0.0,0.06675,,,
01:39:58.078,76.5,89,859.7,0.0,0.03722,,,
01:39:58.115,76.7,89,859.5,0.0,0.037229,,,
01:39:58.153,77.0,89,858.2,0.0,0.037289,,,
01:39:58.191,77.8,87,849.1,0.0,0.037687,,,
01:39:58.228,77.8,87,848.4,0.0,0.03772,,,
01:39:58.266,78.1,87,848.1,0.0,0.037732,,,
01:39:58.303,78.6,87,858.1,0.0,0.037293,,,
01:39:58.340,78.8,87,854.6,0.0,0.037446,,,
01:39:58.378,79.0,88,861.5,0.0,0.037143,,,
01:39:58.415,79.1,88,861.1,0.0,0.03716,,,
01:39:58.452,79.6,88,858.0,0.0,0.037295,,,
01:39:58.490,79.8,88,852.8,0.0,0.037524,,,
01:39:58.528,80.6,88,846.5,0.0,0.037801,,,
01:39:58.565,81.0,88,842.4,0.0,0.037988,,,
01:39:58.606,81.3,87,787.9,0.0,0.040613,,,
01:39:58.644,81.6,87,846.0,0.0,0.037827,,,
01:39:58.682,81.8,87,848.6,0.0,0.037709,,,
01:39:58.720,82.0,87,844.7,0.0,0.037883,,,
01:39:58.757,82.3,87,845.7,0.0,0.037838,,,
01:39:58.795,83.1,86,849.9,0.0,0.037652,,,
01:39:58.833,83.1,86,850.1,0.0,0.037642,,,
01:39:58.871,83.4,86,841.9,0.0,0.038009,,,
01:39:58.909,83.9,86,831.9,0.0,0.038468,,,
01:39:58.948,77.2,86,834.0,0.0,0.038368,,,
01:39:58.949,,,,,,True,2,
01:39:58.978,77.5,88,594.6,196.862349,0.0,,,
01:39:59.015,77.6,88,868.6,0.0,0.067114,,,
01:39:59.052,77.8,88,855.3,0.0,0.037413,,,
01:39:59.090,78.3,88,851.3,0.0,0.037591,,,
01:39:59.128,78.5,88,842.3,0.0,0.037992,,,
01:39:59.166,79.1,88,840.5,0.0,0.038071,,,
01:39:59.206,79.3,87,797.2,0.0,0.04014,,,
01:39:59.243,79.6,87,850.1,0.0,0.037641,,,
01:39:59.281,80.3,87,858.4,0.0,0.037279,,,
01:39:59.318,80.5,87,854.5,0.0,0.037449,,,
01:39:59.356,80.6,87,852.9,0.0,0.037519,,,
01:39:59.393,81.0,87,854.2,0.0,0.037464,,,
01:39:59.431,81.8,87,848.4,0.0,0.037719,,,
01:39:59.469,81.8,87,835.5,0.0,0.038303,,,
01:39:59.508,76.8,87,833.8,0.0,0.03838,,,
01:39:59.509,,,,,,True,1,
01:39:59.538,77.0,87,294.2,197.422683,0.0,,,
01:39:59.575,77.5,88,868.6,0.0,0.067434,,,
01:39:59.613,77.6,88,852.3,0.0,0.037547,,,
01:39:59.651,77.8,88,842.2,0.0,0.037997,,,
01:39:59.689,78.0,88,846.5,0.0,0.037803,,,
01:39:59.727,78.3,88,842.7,0.0,0.037973,,,
01:39:59.764,78.5,88,846.7,0.0,0.037794,,,
01:39:59.801,73.8,85,858.1,0.0,0.037293,,,
01:39:59.802,,,,,,True,1,
01:39:59.831,74.0,85,301.4,197.71577,0.0,,,
01:39:59.868,74.3,85,870.0,0.0,0.066642,,,
01:39:59.906,74.7,85,851.9,0.0,0.037561,,,
01:39:59.943,75.3,85,858.5,0.0,0.037272,,,
01:39:59.980,75.5,89,865.6,0.0,0.036968,,,
01:40:00.018,75.5,89,845.1,0.0,0.037864,,,
01:40:00.056,75.8,89,831.7,0.0,0.038475,,,
01:40:00.094,76.7,89,836.1,0.0,0.038273,,,
01:40:00.133,76.8,89,846.4,0.0,0.037806,,,
01:40:00.171,77.2,86,829.0,0.0,0.0386,,,
01:40:00.209,77.6,86,836.2,0.0,0.038266,,,
01:40:00.248,77.8,86,823.0,0.0,0.038883,,,
01:40:00.287,78.0,86,825.4,0.0,0.03877,,,
01:40:00.325,78.1,86,828.0,0.0,0.038647,,,
01:40:00.363,78.5,86,847.6,0.0,0.037753,,,
01:40:00.400,78.6,83,859.0,0.0,0.037253,,,
01:40:00.438,79.3,83,856.0,0.0,0.037383,,,
01:40:00.475,79.6,83,856.8,0.0,0.03735,,,
01:40:00.513,80.0,83,856.8,0.0,0.037348,,,
01:40:00.550,80.6,83,853.3,0.0,0.037503,,,
01:40:00.588,80.8,89,838.7,0.0,0.038152,,,
01:40:00.627,75.5,89,838.0,0.0,0.038185,,,
01:40:00.627,,,,,,True,1,
01:40:00.656,75.7,89,297.4,198.541111,0.0,,,
01:40:00.693,76.0,89,874.7,0.0,0.066849,,,
01:40:00.731,76.8,89,861.8,0.0,0.03713,,,
01:40:00.770,77.0,88,852.9,0.0,0.037518,,,
01:40:00.808,77.3,88,804.9,0.0,0.039754,,,
01:40:00.845,77.6,88,849.5,0.0,0.03767,,,
01:40:00.883,77.8,88,856.8,0.0,0.03735,,,
01:40:00.920,78.0,88,864.3,0.0,0.037024,,,
01:40:00.957,78.3,88,857.2,0.0,0.03733,,,
01:40:00.994,78.6,85,860.3,0.0,0.037197,,,
01:40:01.032,78.8,85,857.1,0.0,0.037336,,,
01:40:01.069,79.5,85,853.6,0.0,0.03749,,,
01:40:01.107,78.0,85,842.2,0.0,0.037995,,,
01:40:01.108,,,,,,True,1,
01:40:01.137,78.1,85,295.8,199.021893,0.0,,,
01:40:01.174,78.5,89,863.1,0.0,0.067502,,,
01:40:01.212,79.1,89,853.9,0.0,0.037473,,,
01:40:01.250,75.5,89,849.2,0.0,0.03768,,,
01:40:01.251,,,,,,True,1,
01:40:01.280,75.7,89,296.6,199.164452,0.0,,,
01:40:01.316,75.7,89,875.3,0.0,0.066905,,,
01:40:01.353,75.8,89,864.5,0.0,0.037017,,,
01:40:01.391,76.7,87,863.7,0.0,0.037051,,,
01:40:01.429,76.8,87,845.5,0.0,0.037848,,,
01:40:01.467,77.3,87,834.5,0.0,0.038347,,,
01:40:01.505,77.6,87,834.8,0.0,0.038334,,,
01:40:01.543,77.8,87,842.4,0.0,0.037985,,,
01:40:01.580,78.1,87,855.7,0.0,0.037398,,,
01:40:01.618,78.5,87,860.0,0.0,0.037209,,,
01:40:01.655,78.8,87,859.8,0.0,0.037219,,,
01:40:01.692,79.0,87,860.6,0.0,0.037183,,,
01:40:01.730,79.5,87,857.6,0.0,0.037313,,,
01:40:01.770,79.8,88,843.6,0.0,0.037934,,,
01:40:01.808,80.1,88,797.9,0.0,0.040108,,,
01:40:01.846,80.8,88,843.6,0.0,0.037933,,,
01:40:01.883,81.0,88,843.0,0.0,0.037958,,,
01:40:01.921,81.0,88,851.8,0.0,0.037566,,,
01:40:01.960,81.1,88,828.6,0.0,0.038619,,,
01:40:01.998,82.0,84,835.6,0.0,0.038295,,,
01:40:02.036,82.1,84,847.2,0.0,0.037772,,,
01:40:02.073,82.6,84,848.5,0.0,0.037715,,,
01:40:02.111,82.9,84,845.7,0.0,0.037839,,,
01:40:02.149,83.1,84,840.7,0.0,0.038062,,,
01:40:02.188,83.4,88,832.9,0.0,0.038419,,,
01:40:02.226,83.8,88,836.4,0.0,0.03826,,,
01:40:02.264,84.1,88,837.8,0.0,0.038196,,,
01:40:02.302,84.3,88,845.7,0.0,0.037839,,,
01:40:02.340,84.8,88,846.3,0.0,0.037813,,,
01:40:02.377,85.1,88,849.2,0.0,0.037682,,,
01:40:02.415,85.4,88,848.1,0.0,0.037732,,,
01:40:02.453,86.1,88,846.2,0.0,0.037815,,,
01:40:02.491,86.3,88,846.9,0.0,0.037786,,,
01:40:02.529,86.3,88,840.4,0.0,0.038079,,,
01:40:02.569,86.4,88,832.1,0.0,0.038456,,,
01:40:02.608,87.3,88,790.6,0.0,0.040477,,,
01:40:02.646,87.4,88,833.2,0.0,0.038405,,,
01:40:02.685,87.9,88,833.5,0.0,0.038393,,,
01:40:02.723,88.2,88,838.0,0.0,0.038185,,,
01:40:02.761,86.1,88,845.8,0.0,0.037835,,,
01:40:02.761,,,,,,True,1,
01:40:02.791,86.3,85,302.3,200.674845,0.0,,,
01:40:02.828,86.4,85,844.7,0.0,0.067659,,,
01:40:02.867,86.8,85,833.5,0.0,0.038393,,,
01:40:02.905,87.1,85,833.8,0.0,0.03838,,,
01:40:02.944,87.3,85,829.2,0.0,0.038593,,,
01:40:02.982,87.7,88,838.0,0.0,0.038188,,,
01:40:03.020,88.1,88,842.4,0.0,0.037988,,,
01:40:03.058,83.1,88,839.8,0.0,0.038103,,,
01:40:03.059,,,,,,True,1,
01:40:03.088,83.3,88,302.2,200.972137,0.0,,,
01:40:03.126,84.1,88,846.5,0.0,0.067588,,,
01:40:03.164,84.3,88,832.0,0.0,0.038461,,,
01:40:03.205,84.3,87,780.2,0.0,0.041014,,,
01:40:03.243,84.4,87,834.5,0.0,0.038347,,,
01:40:03.281,85.1,87,841.9,0.0,0.038008,,,
01:40:03.319,85.3,87,848.8,0.0,0.037698,,,
01:40:03.357,85.8,87,847.5,0.0,0.03776,,,
01:40:03.395,86.3,87,845.4,0.0,0.037851,,,
01:40:03.433,86.4,87,840.7,0.0,0.038062,,,
01:40:03.471,81.3,87,840.9,0.0,0.038056,,,
01:40:03.472,,,,,,True,1,
01:40:03.501,81.5,87,299.3,201.385249,0.0,,,
01:40:03.538,81.8,87,856.4,0.0,0.067435,,,
01:40:03.576,82.1,89,844.6,0.0,0.037889,,,
01:40:03.614,82.3,89,834.1,0.0,0.038366,,,
01:40:03.653,82.8,89,825.5,0.0,0.038762,,,
01:40:03.692,82.9,89,823.3,0.0,0.038866,,,
01:40:03.731,78.0,89,832.8,0.0,0.038424,,,
01:40:03.732,,,,,,True,1,
01:40:03.761,78.1,89,296.2,201.64528,0.0,,,
01:40:03.798,79.0,85,854.2,0.0,0.067842,,,
01:40:03.836,79.3,85,845.3,0.0,0.037857,,,
01:40:03.874,79.3,85,850.7,0.0,0.037617,,,
01:40:03.911,79.5,85,853.2,0.0,0.037504,,,
01:40:03.949,80.0,85,846.7,0.0,0.037792,,,
01:40:03.987,80.1,88,839.3,0.0,0.038125,,,
01:40:04.026,80.6,88,839.5,0.0,0.038116,,,
01:40:04.063,81.3,88,842.4,0.0,0.037986,,,
01:40:04.101,81.5,88,844.2,0.0,0.037906,,,
01:40:04.139,81.6,88,845.6,0.0,0.037841,,,
01:40:04.177,82.0,88,850.6,0.0,0.037622,,,
01:40:04.214,82.3,88,851.0,0.0,0.037601,,,
01:40:04.252,82.5,88,851.6,0.0,0.037578,,,
01:40:04.290,82.9,88,850.8,0.0,0.037612,,,
01:40:04.328,83.1,88,842.6,0.0,0.037978,,,
01:40:04.369,83.4,88,837.0,0.0,0.03823,,,
01:40:04.407,84.3,88,775.6,0.0,0.041258,,,
01:40:04.445,84.6,88,837.9,0.0,0.038192,,,
01:40:04.483,84.6,88,838.5,0.0,0.038164,,,
01:40:04.521,84.8,88,843.6,0.0,0.037933,,,
01:40:04.559,82.9,88,849.9,0.0,0.03765,,,
01:40:04.560,,,,,,True,1,
01:40:04.589,83.1,85,303.1,202.472974,0.0,,,
01:40:04.627,83.3,85,845.2,0.0,0.067553,,,
01:40:04.665,78.5,85,836.7,0.0,0.038246,,,
01:40:04.666,,,,,,True,1,
01:40:04.695,78.6,85,299.9,202.57907,0.0,,,
01:40:04.731,74.0,85,871.5,0.0,0.066722,,,
01:40:04.732,,,,,,True,1,
01:40:04.761,74.2,85,306.3,202.64515,0.0,,,
01:40:04.797,74.3,88,876.4,0.0,0.065896,,,
01:40:04.834,74.5,88,865.2,0.0,0.036987,,,
01:40:04.871,74.8,88,866.1,0.0,0.036945,,,
01:40:04.908,75.0,88,864.7,0.0,0.037007,,,
01:40:04.946,75.2,88,845.2,0.0,0.037861,,,
01:40:04.984,75.7,88,849.9,0.0,0.03765,,,
01:40:05.021,76.0,88,857.2,0.0,0.037332,,,
01:40:05.058,71.2,88,864.3,0.0,0.037022,,,
01:40:05.059,,,,,,True,1,
01:40:05.088,71.4,88,301.8,202.972274,0.0,,,
01:40:05.125,72.2,88,865.9,0.0,0.066779,,,
01:40:05.162,72.5,88,857.9,0.0,0.037302,,,
01:40:05.199,72.5,86,865.6,0.0,0.03697,,,
01:40:05.236,72.7,86,869.3,0.0,0.03681,,,
01:40:05.273,72.8,86,870.2,0.0,0.036773,,,
01:40:05.310,73.0,86,869.9,0.0,0.036785,,,
01:40:05.347,73.5,86,856.3,0.0,0.037369,,,
01:40:05.385,74.3,89,855.3,0.0,0.037412,,,
01:40:05.422,74.5,89,853.2,0.0,0.037507,,,
01:40:05.459,74.7,89,870.9,0.0,0.036743,,,
01:40:05.495,75.0,89,867.4,0.0,0.036892,,,
01:40:05.532,75.2,89,866.1,0.0,0.036949,,,
01:40:05.570,75.3,89,864.7,0.0,0.037009,,,
01:40:05.607,75.8,89,856.4,0.0,0.037366,,,
01:40:05.644,76.2,89,854.3,0.0,0.037457,,,
01:40:05.682,76.7,89,854.0,0.0,0.037469,,,
01:40:05.718,77.5,89,868.3,0.0,0.036856,,,
01:40:05.755,77.8,89,865.4,0.0,0.036979,,,
01:40:05.793,77.8,86,862.7,0.0,0.037093,,,
01:40:05.830,78.0,86,861.7,0.0,0.037134,,,
01:40:05.868,78.1,86,852.1,0.0,0.037555,,,
01:40:05.905,78.3,86,848.2,0.0,0.037727,,,
01:40:05.943,78.8,86,847.8,0.0,0.037747,,,
01:40:05.980,79.6,88,852.2,0.0,0.037549,,,
01:40:06.018,79.8,88,858.5,0.0,0.037272,,,
01:40:06.055,80.0,88,857.0,0.0,0.037339,,,
01:40:06.092,80.3,88,856.9,0.0,0.037343,,,
01:40:06.130,80.5,88,856.5,0.0,0.037363,,,
01:40:06.168,80.6,89,848.6,0.0,0.037709,,,
01:40:06.206,81.1,89,823.7,0.0,0.038851,,,
01:40:06.245,81.5,89,839.8,0.0,0.038103,,,
01:40:06.283,80.0,89,833.2,0.0,0.038407,,,
01:40:06.284,,,,,,True,1,
01:40:06.313,80.1,89,297.4,204.197313,0.0,,,
01:40:06.350,80.8,89,860.9,0.0,0.067436,,,
01:40:06.388,81.1,85,845.3,0.0,0.037858,,,
01:40:06.426,81.1,85,838.1,0.0,0.03818,,,
01:40:06.464,81.3,85,842.7,0.0,0.037975,,,
01:40:06.502,81.5,85,842.5,0.0,0.037981,,,
01:40:06.540,81.6,85,841.1,0.0,0.038047,,,
01:40:06.578,82.1,88,847.8,0.0,0.037745,,,
01:40:06.616,83.1,88,837.9,0.0,0.038193,,,
01:40:06.654,83.3,88,842.8,0.0,0.037968,,,
01:40:06.692,83.4,88,847.2,0.0,0.037772,,,
01:40:06.730,82.8,88,849.0,0.0,0.037689,,,
01:40:06.731,,,,,,True,1,
01:40:06.760,82.9,88,298.4,204.644028,0.0,,,
01:40:06.797,83.1,86,854.4,0.0,0.06761,,,
01:40:06.835,77.3,86,849.7,0.0,0.037662,,,
01:40:06.836,,,,,,True,2,
01:40:06.864,77.6,86,610.9,204.74859,0.0,,,
01:40:06.902,78.1,86,855.2,0.0,0.066881,,,
01:40:06.939,78.3,86,846.7,0.0,0.037793,,,
01:40:06.977,78.8,89,860.7,0.0,0.03718,,,
01:40:07.014,79.5,89,859.6,0.0,0.037226,,,
01:40:07.051,79.6,89,859.3,0.0,0.037242,,,
01:40:07.089,79.8,89,858.4,0.0,0.037277,,,
01:40:07.126,80.0,89,846.9,0.0,0.037785,,,
01:40:07.164,80.5,89,841.7,0.0,0.038017,,,
01:40:07.203,80.6,87,818.0,0.0,0.03912,,,
01:40:07.241,81.1,87,848.5,0.0,0.037714,,,
01:40:07.278,82.0,87,857.5,0.0,0.03732,,,
01:40:07.316,82.1,87,853.8,0.0,0.037482,,,
01:40:07.353,82.3,87,855.0,0.0,0.037429,,,
01:40:07.391,82.6,87,853.7,0.0,0.037486,,,
01:40:07.429,82.8,87,852.5,0.0,0.037537,,,
01:40:07.467,82.9,87,842.0,0.0,0.038003,,,
01:40:07.505,83.4,87,838.1,0.0,0.038182,,,
01:40:07.543,83.6,87,837.6,0.0,0.038206,,,
01:40:07.580,84.1,88,846.6,0.0,0.037799,,,
01:40:07.618,84.8,88,852.3,0.0,0.037544,,,
01:40:07.656,84.9,88,851.4,0.0,0.037585,,,
01:40:07.693,85.1,88,848.9,0.0,0.037697,,,
01:40:07.731,85.3,88,848.7,0.0,0.037707,,,
01:40:07.769,85.8,89,842.1,0.0,0.038002,,,
01:40:07.808,80.6,89,832.4,0.0,0.038444,,,
01:40:07.809,,,,,,True,1,
01:40:07.838,80.8,89,295.2,205.722234,0.0,,,
01:40:07.875,81.3,89,859.6,0.0,0.067715,,,
01:40:07.913,82.1,89,843.3,0.0,0.037947,,,
01:40:07.951,82.3,89,840.1,0.0,0.038093,,,
01:40:07.989,82.5,86,843.1,0.0,0.037957,,,
01:40:08.027,82.6,86,841.1,0.0,0.038047,,,
01:40:08.066,72.2,86,835.2,0.0,0.038315,,,
01:40:08.067,,,,,,True,2,
01:40:08.096,72.5,86,595.0,205.980048,0.0,,,
01:40:08.132,72.7,86,876.7,0.0,0.066752,,,
01:40:08.169,73.3,88,866.7,0.0,0.036923,,,
01:40:08.207,73.5,88,858.1,0.0,0.037292,,,
01:40:08.244,74.0,88,848.4,0.0,0.037716,,,
01:40:08.282,74.3,88,854.7,0.0,0.03744,,,
01:40:08.319,74.5,88,865.3,0.0,0.036983,,,
01:40:08.355,74.7,88,869.9,0.0,0.036788,,,
01:40:08.392,75.2,86,867.1,0.0,0.036904,,,
01:40:08.430,75.7,86,865.3,0.0,0.036981,,,
01:40:08.467,75.8,86,854.9,0.0,0.037431,,,
01:40:08.505,76.3,86,850.1,0.0,0.037641,,,
01:40:08.542,77.2,86,854.2,0.0,0.037462,,,
01:40:08.579,74.7,88,863.1,0.0,0.037074,,,
01:40:08.580,,,,,,True,1,
01:40:08.609,74.8,88,304.5,206.492702,0.0,,,
01:40:08.646,75.0,88,865.3,0.0,0.066537,,,
01:40:08.684,75.2,88,845.6,0.0,0.037843,,,
01:40:08.721,75.3,88,847.3,0.0,0.037768,,,
01:40:08.758,75.5,88,859.5,0.0,0.037229,,,
01:40:08.796,76.2,86,846.1,0.0,0.037822,,,
01:40:08.835,76.3,86,833.4,0.0,0.038398,,,
01:40:08.873,76.8,86,842.1,0.0,0.037999,,,
01:40:08.910,77.2,86,845.0,0.0,0.03787,,,
01:40:08.949,77.3,86,844.1,0.0,0.037909,,,
01:40:08.987,72.2,86,837.9,0.0,0.038191,,,
01:40:08.988,,,,,,True,1,
01:40:09.017,72.4,86,289.3,206.9018,0.0,,,
01:40:09.055,72.8,86,865.0,0.0,0.068101,,,
01:40:09.092,73.3,86,849.0,0.0,0.037692,,,
01:40:09.130,73.5,86,847.4,0.0,0.037761,,,
01:40:09.168,74.0,87,843.5,0.0,0.037937,,,
01:40:09.207,74.7,87,833.7,0.0,0.038382,,,
01:40:09.246,69.5,87,825.0,0.0,0.038786,,,
01:40:09.247,,,,,,True,1,
01:40:09.276,69.7,87,290.7,207.160296,0.0,,,
01:40:09.313,69.9,87,879.6,0.0,0.067341,,,
01:40:09.350,70.2,87,869.7,0.0,0.036795,,,
01:40:09.387,70.4,84,864.3,0.0,0.037025,,,
01:40:09.424,70.5,84,858.1,0.0,0.03729,,,
01:40:09.461,71.0,84,860.0,0.0,0.03721,,,
01:40:09.498,71.2,84,869.6,0.0,0.036799,,,
01:40:09.534,71.7,84,872.7,0.0,0.036667,,,
01:40:09.571,70.9,88,871.4,0.0,0.036721,,,
01:40:09.572,,,,,,True,1,
01:40:09.601,71.0,88,303.4,207.484826,0.0,,,
01:40:09.637,71.2,88,872.2,0.0,0.06635,,,
01:40:09.674,71.4,88,870.6,0.0,0.036757,,,
01:40:09.711,71.9,88,872.5,0.0,0.036674,,,
01:40:09.748,72.4,88,870.0,0.0,0.036782,,,
01:40:09.785,72.5,87,858.5,0.0,0.037273,,,
01:40:09.822,73.0,87,856.9,0.0,0.037345,,,
01:40:09.859,73.5,87,863.5,0.0,0.03706,,,
01:40:09.896,73.8,87,870.4,0.0,0.036764,,,
01:40:09.933,74.0,87,868.4,0.0,0.036851,,,
01:40:09.970,74.3,89,863.4,0.0,0.037064,,,
01:40:10.007,74.5,89,862.8,0.0,0.037088,,,
01:40:10.045,74.7,89,846.1,0.0,0.03782,,,
01:40:10.083,73.5,89,843.4,0.0,0.037943,,,
01:40:10.084,,,,,,True,1,
01:40:10.113,73.7,89,295.5,207.997356,0.0,,,
01:40:10.150,73.8,89,876.8,0.0,0.066957,,,
01:40:10.187,74.3,86,856.8,0.0,0.03735,,,
01:40:10.226,74.8,86,838.6,0.0,0.038157,,,
01:40:10.264,75.0,86,833.1,0.0,0.038409,,,
01:40:10.302,75.2,86,836.1,0.0,0.038272,,,
01:40:10.339,75.7,86,852.3,0.0,0.037544,,,
01:40:10.376,76.2,86,865.2,0.0,0.036985,,,
01:40:10.413,76.5,86,864.9,0.0,0.036997,,,
01:40:10.451,77.0,86,862.7,0.0,0.037091,,,
01:40:10.488,77.5,86,864.1,0.0,0.037033,,,
01:40:10.525,77.8,86,853.2,0.0,0.037504,,,
01:40:10.563,78.0,86,849.9,0.0,0.03765,,,
01:40:10.602,78.3,87,816.9,0.0,0.039172,,,
01:40:10.639,78.5,87,857.9,0.0,0.0373,,,
01:40:10.676,78.5,87,863.4,0.0,0.037063,,,
01:40:10.713,79.0,87,861.8,0.0,0.03713,,,
01:40:10.751,79.1,87,861.0,0.0,0.037164,,,
01:40:10.788,79.6,87,859.1,0.0,0.037247,,,
01:40:10.826,80.1,87,848.9,0.0,0.037694,,,
01:40:10.864,80.3,87,846.0,0.0,0.037823,,,
01:40:10.901,80.5,87,844.8,0.0,0.037878,,,
01:40:10.939,76.0,87,850.5,0.0,0.037627,,,
01:40:10.940,,,,,,True,1,
01:40:10.969,76.2,88,303.1,208.852618,0.0,,,
01:40:11.006,76.7,88,863.4,0.0,0.066756,,,
01:40:11.044,77.0,88,847.7,0.0,0.037748,,,
01:40:11.081,77.5,88,848.5,0.0,0.037713,,,
01:40:11.118,78.0,88,857.2,0.0,0.037332,,,
01:40:11.156,78.1,88,858.3,0.0,0.037283,,,
01:40:11.193,78.1,86,853.6,0.0,0.03749,,,
01:40:11.194,,,,,,True,1,
01:40:11.223,78.3,86,300.6,209.107169,0.0,,,
01:40:11.261,78.6,86,852.6,0.0,0.067473,,,
01:40:11.298,78.8,86,852.9,0.0,0.037518,,,
01:40:11.336,78.8,86,854.3,0.0,0.037459,,,
01:40:11.373,79.3,89,860.5,0.0,0.037188,,,
01:40:11.410,74.2,89,858.4,0.0,0.037277,,,
01:40:11.411,,,,,,True,1,
01:40:11.440,74.3,89,303.0,209.323827,0.0,,,
01:40:11.476,74.8,89,876.7,0.0,0.066205,,,
01:40:11.513,75.3,89,867.7,0.0,0.036878,,,
01:40:11.550,75.7,89,867.8,0.0,0.036875,,,
01:40:11.587,75.8,88,866.9,0.0,0.036915,,,
01:40:11.624,76.2,88,857.8,0.0,0.037307,,,
01:40:11.662,76.7,88,853.4,0.0,0.037496,,,
01:40:11.699,77.0,88,862.2,0.0,0.037115,,,
01:40:11.736,77.6,88,859.2,0.0,0.037245,,,
01:40:11.773,78.1,89,864.1,0.0,0.037033,,,
01:40:11.810,78.3,89,863.2,0.0,0.037073,,,
01:40:11.848,78.5,89,863.4,0.0,0.037065,,,
01:40:11.885,78.8,89,844.7,0.0,0.037881,,,
01:40:11.924,79.0,89,836.7,0.0,0.038247,,,
01:40:11.962,79.0,89,831.6,0.0,0.038481,,,
01:40:12.002,79.5,86,797.9,0.0,0.040105,,,
01:40:12.041,79.6,86,831.9,0.0,0.038467,,,
01:40:12.079,80.1,86,835.4,0.0,0.038305,,,
01:40:12.117,80.6,86,843.6,0.0,0.037933,,,
01:40:12.154,81.0,86,849.4,0.0,0.037674,,,
01:40:12.192,79.6,85,849.2,0.0,0.037682,,,
01:40:12.193,,,,,,True,1,
01:40:12.222,79.8,85,301.9,210.105903,0.0,,,
01:40:12.259,80.1,85,855.8,0.0,0.067206,,,
01:40:12.296,80.5,85,858.7,0.0,0.037264,,,
01:40:12.334,80.8,85,857.0,0.0,0.037339,,,
01:40:12.371,81.5,89,856.4,0.0,0.037366,,,
01:40:12.409,82.0,89,855.9,0.0,0.037387,,,
01:40:12.446,82.1,89,851.2,0.0,0.037593,,,
01:40:12.485,82.3,89,838.6,0.0,0.03816,,,
01:40:12.523,82.8,89,841.7,0.0,0.038017,,,
01:40:12.561,82.9,89,839.4,0.0,0.038121,,,
01:40:12.602,82.9,86,777.2,0.0,0.041175,,,
01:40:12.640,83.4,86,845.3,0.0,0.037855,,,
01:40:12.677,83.6,86,853.9,0.0,0.037475,,,
01:40:12.715,84.1,86,852.4,0.0,0.03754,,,
01:40:12.752,84.6,86,850.9,0.0,0.037608,,,
01:40:12.790,84.9,87,849.7,0.0,0.037661,,,
01:40:12.828,85.1,87,850.2,0.0,0.03764,,,
01:40:12.866,85.4,87,838.4,0.0,0.038167,,,
01:40:12.904,85.8,87,833.1,0.0,0.03841,,,
01:40:12.943,86.1,87,833.6,0.0,0.038387,,,
01:40:12.981,86.8,88,834.4,0.0,0.038349,,,
01:40:13.019,87.3,88,838.9,0.0,0.038146,,,
01:40:13.057,87.4,88,843.3,0.0,0.037946,,,
01:40:13.095,87.6,88,841.4,0.0,0.038033,,,
01:40:13.133,77.5,88,840.3,0.0,0.038084,,,
01:40:13.134,,,,,,True,2,
01:40:13.163,77.8,88,608.3,211.046585,0.0,,,
01:40:13.203,78.0,88,809.3,0.0,0.069128,,,
01:40:13.241,78.0,88,830.1,0.0,0.038549,,,
01:40:13.278,78.5,88,849.9,0.0,0.037652,,,
01:40:13.316,78.6,88,858.4,0.0,0.03728,,,
01:40:13.353,78.8,88,857.0,0.0,0.037338,,,
01:40:13.390,79.3,86,856.7,0.0,0.037351,,,
01:40:13.428,79.6,86,852.4,0.0,0.037543,,,
01:40:13.466,80.1,86,843.8,0.0,0.037924,,,
01:40:13.504,80.5,86,836.7,0.0,0.038247,,,
01:40:13.542,80.8,86,842.4,0.0,0.037988,,,
01:40:13.580,81.1,88,841.2,0.0,0.038041,,,
01:40:13.618,81.8,88,837.7,0.0,0.038202,,,
01:40:13.657,82.3,88,831.4,0.0,0.038488,,,
01:40:13.696,77.2,88,826.9,0.0,0.038698,,,
01:40:13.697,,,,,,True,1,
01:40:13.726,77.3,88,296.8,211.609709,0.0,,,
01:40:13.766,77.5,87,849.7,0.0,0.067986,,,
01:40:13.804,78.0,87,795.0,0.0,0.040251,,,
01:40:13.842,78.1,87,845.6,0.0,0.037842,,,
01:40:13.879,78.1,87,847.3,0.0,0.037766,,,
01:40:13.916,78.5,87,861.7,0.0,0.037138,,,
01:40:13.954,78.6,87,857.1,0.0,0.037337,,,
01:40:13.991,78.8,85,855.3,0.0,0.037412,,,
01:40:14.029,77.8,85,850.9,0.0,0.037608,,,
01:40:14.030,,,,,,True,1,
01:40:14.059,78.0,85,300.9,211.942616,0.0,,,
01:40:14.096,78.3,85,865.3,0.0,0.066894,,,
01:40:14.133,78.8,85,856.9,0.0,0.037345,,,
01:40:14.170,79.0,89,855.6,0.0,0.037403,,,
01:40:14.208,79.3,89,852.9,0.0,0.03752,,,
01:40:14.246,79.6,89,853.4,0.0,0.037498,,,
01:40:14.284,80.3,89,839.9,0.0,0.0381,,,
01:40:14.322,80.8,89,844.5,0.0,0.037893,,,
01:40:14.359,81.1,89,843.3,0.0,0.037946,,,
01:40:14.397,81.3,85,852.1,0.0,0.037556,,,
01:40:14.434,81.8,85,851.2,0.0,0.037594,,,
01:40:14.472,82.0,85,854.6,0.0,0.037445,,,
01:40:14.509,82.0,85,852.6,0.0,0.037531,,,
01:40:14.547,82.3,85,853.7,0.0,0.037485,,,
01:40:14.585,82.5,89,846.0,0.0,0.037826,,,
01:40:14.623,77.3,89,836.8,0.0,0.038243,,,
01:40:14.624,,,,,,True,1,
01:40:14.653,77.5,89,296.0,212.537368,0.0,,,
01:40:14.690,78.1,89,870.7,0.0,0.067157,,,
01:40:14.728,78.5,89,857.6,0.0,0.037313,,,
01:40:14.766,79.0,89,850.9,0.0,0.037606,,,
01:40:14.804,75.8,89,835.5,0.0,0.038299,,,
01:40:14.805,,,,,,True,1,
01:40:14.834,76.0,89,297.0,212.717624,0.0,,,
01:40:14.870,76.2,89,876.8,0.0,0.066799,,,
01:40:14.908,76.5,89,862.2,0.0,0.037114,,,
01:40:14.945,77.2,89,849.2,0.0,0.037683,,,
01:40:14.983,77.8,86,844.1,0.0,0.037912,,,
01:40:15.021,78.1,86,845.2,0.0,0.037861,,,
01:40:15.058,74.2,86,850.3,0.0,0.037632,,,
01:40:15.059,,,,,,True,1,
01:40:15.088,74.3,86,302.9,212.972011,0.0,,,
01:40:15.125,74.8,86,877.9,0.0,0.066158,,,
01:40:15.165,75.2,88,849.3,0.0,0.037678,,,
01:40:15.203,75.2,88,791.3,0.0,0.040442,,,
01:40:15.240,75.5,88,848.8,0.0,0.0377,,,
01:40:15.278,75.5,88,859.8,0.0,0.037218,,,
01:40:15.314,75.7,88,869.0,0.0,0.036824,,,
01:40:15.351,76.2,88,866.2,0.0,0.036944,,,
01:40:15.388,76.7,85,864.9,0.0,0.037,,,
01:40:15.426,77.2,85,864.2,0.0,0.037029,,,
01:40:15.463,77.3,85,845.2,0.0,0.037862,,,
01:40:15.501,77.5,85,847.8,0.0,0.037744,,,
01:40:15.539,77.8,85,848.8,0.0,0.037702,,,
01:40:15.576,73.2,88,858.7,0.0,0.037264,,,
01:40:15.577,,,,,,True,1,
01:40:15.606,73.3,88,303.1,213.489542,0.0,,,
01:40:15.643,74.0,88,861.0,0.0,0.066857,,,
01:40:15.680,74.3,88,855.7,0.0,0.037395,,,
01:40:15.717,74.5,88,866.9,0.0,0.036912,,,
01:40:15.754,75.0,88,872.8,0.0,0.036665,,,
01:40:15.791,75.2,87,868.8,0.0,0.036833,,,
01:40:15.828,73.8,87,869.1,0.0,0.03682,,,
01:40:15.828,,,,,,True,1,
01:40:15.857,74.0,87,301.6,213.741153,0.0,,,
01:40:15.894,74.3,87,878.8,0.0,0.066253,,,
01:40:15.931,74.5,87,868.6,0.0,0.03684,,,
01:40:15.968,74.7,90,864.2,0.0,0.037027,,,
01:40:16.005,75.2,90,852.1,0.0,0.037555,,,
01:40:16.043,75.5,90,843.4,0.0,0.037942,,,
01:40:16.081,76.0,90,844.8,0.0,0.037877,,,
01:40:16.119,76.2,90,845.9,0.0,0.037829,,,
01:40:16.156,76.5,90,856.1,0.0,0.037378,,,
01:40:16.194,76.8,85,855.4,0.0,0.037411,,,
01:40:16.231,77.5,85,853.7,0.0,0.037484,,,
01:40:16.269,78.1,85,852.8,0.0,0.037522,,,
01:40:16.307,78.5,85,849.1,0.0,0.037685,,,
01:40:16.345,78.6,85,840.1,0.0,0.038091,,,
01:40:16.383,79.1,87,841.5,0.0,0.038029,,,
01:40:16.420,79.3,87,846.3,0.0,0.037813,,,
01:40:16.458,79.3,87,849.3,0.0,0.037678,,,
01:40:16.495,79.1,87,860.4,0.0,0.037193,,,
01:40:16.496,,,,,,True,1,
01:40:16.525,79.3,87,303.2,214.408583,0.0,,,
01:40:16.565,79.5,88,852.2,0.0,0.067235,,,
01:40:16.603,79.6,88,790.6,0.0,0.040478,,,
01:40:16.641,80.1,88,839.9,0.0,0.038102,,,
01:40:16.679,80.3,88,838.2,0.0,0.038178,,,
01:40:16.717,80.8,88,844.2,0.0,0.037905,,,
01:40:16.755,81.0,88,852.5,0.0,0.037537,,,
01:40:16.792,81.3,85,850.7,0.0,0.037615,,,
01:40:16.830,81.0,85,853.9,0.0,0.037473,,,
01:40:16.830,,,,,,True,1,
01:40:16.859,81.1,85,302.5,214.743155,0.0,,,
01:40:16.896,81.8,85,860.6,0.0,0.066933,,,
01:40:16.934,82.5,85,844.5,0.0,0.037892,,,
01:40:16.972,77.3,89,849.7,0.0,0.037663,,,
01:40:16.973,,,,,,True,1,
01:40:17.002,77.5,89,301.3,214.885741,0.0,,,
01:40:17.039,77.6,89,857.4,0.0,0.067191,,,
01:40:17.077,78.1,89,856.4,0.0,0.037368,,,
01:40:17.114,78.3,89,861.0,0.0,0.037167,,,
01:40:17.151,78.3,89,861.0,0.0,0.037166,,,
01:40:17.188,78.6,87,861.1,0.0,0.037164,,,
01:40:17.226,78.8,87,856.9,0.0,0.037344,,,
01:40:17.264,79.0,87,846.2,0.0,0.037816,,,
01:40:17.301,79.6,87,845.8,0.0,0.037836,,,
01:40:17.339,74.5,87,846.8,0.0,0.03779,,,
01:40:17.340,,,,,,True,1,
01:40:17.369,74.7,88,301.5,215.252546,0.0,,,
01:40:17.406,75.2,88,873.1,0.0,0.066496,,,
01:40:17.443,75.3,88,849.8,0.0,0.037656,,,
01:40:17.481,75.7,88,850.4,0.0,0.03763,,,
01:40:17.518,76.2,88,855.4,0.0,0.037411,,,
01:40:17.555,76.7,88,869.0,0.0,0.036823,,,
01:40:17.592,77.3,87,862.6,0.0,0.037099,,,
01:40:17.629,77.5,87,864.3,0.0,0.037025,,,
01:40:17.666,77.8,87,864.4,0.0,0.03702,,,
01:40:17.704,78.3,87,857.9,0.0,0.037298,,,
01:40:17.741,78.5,87,851.4,0.0,0.037587,,,
01:40:17.778,78.5,89,852.3,0.0,0.037547,,,
01:40:17.816,78.8,89,858.3,0.0,0.037283,,,
01:40:17.853,79.0,89,863.1,0.0,0.037076,,,
01:40:17.890,77.0,89,856.3,0.0,0.03737,,,
01:40:17.891,,,,,,True,1,
01:40:17.920,77.2,89,303.1,215.803699,0.0,,,
01:40:17.957,77.8,89,857.1,0.0,0.06703,,,
01:40:18.169,72.7,16,151.2,0.0,0.211709,,,
01:40:18.170,,,,,,True,1,
01:40:18.199,72.8,16,297.4,216.082991,0.0,,,
01:40:18.236,68.0,16,863.6,0.0,0.067321,,,
01:40:18.237,,,,,,True,1,
01:40:18.266,68.2,16,307.4,216.149312,0.0,,,
01:40:18.302,68.4,16,875.8,0.0,0.06582,,,
01:40:18.339,68.7,16,858.9,0.0,0.037259,,,
01:40:18.376,69.0,84,872.3,0.0,0.036686,,,
01:40:18.412,69.4,84,878.2,0.0,0.03644,,,
01:40:18.449,70.0,84,872.6,0.0,0.03667,,,
01:40:18.486,70.2,84,874.0,0.0,0.036614,,,
01:40:18.523,70.7,84,868.3,0.0,0.036853,,,
01:40:18.560,71.4,84,861.9,0.0,0.037126,,,
01:40:18.599,71.5,87,813.5,0.0,0.039334,,,
01:40:18.636,71.5,87,871.3,0.0,0.036727,,,
01:40:18.673,71.9,87,868.3,0.0,0.036853,,,
01:40:18.710,72.0,87,862.5,0.0,0.037102,,,
01:40:18.747,72.2,87,866.0,0.0,0.036952,,,
01:40:18.784,72.8,86,865.2,0.0,0.036984,,,
01:40:18.822,73.0,86,852.9,0.0,0.037517,,,
01:40:18.859,73.5,86,855.8,0.0,0.037391,,,
01:40:18.896,73.7,86,862.3,0.0,0.037111,,,
01:40:18.933,74.0,86,860.9,0.0,0.03717,,,
01:40:18.970,74.3,88,866.1,0.0,0.036948,,,
01:40:19.007,74.7,88,864.9,0.0,0.037,,,
01:40:19.044,75.3,88,863.5,0.0,0.03706,,,
01:40:19.082,74.5,88,845.5,0.0,0.037849,,,
01:40:19.083,,,,,,True,1,
01:40:19.112,74.7,88,296.4,216.995844,0.0,,,
01:40:19.149,75.2,88,876.5,0.0,0.066877,,,
01:40:19.186,75.8,87,865.0,0.0,0.036995,,,
01:40:19.223,76.0,87,854.8,0.0,0.037434,,,
01:40:19.261,76.0,87,842.2,0.0,0.037997,,,
01:40:19.299,76.3,87,850.9,0.0,0.037607,,,
01:40:19.336,76.3,87,858.9,0.0,0.037259,,,
01:40:19.373,76.5,88,864.4,0.0,0.037019,,,
01:40:19.410,77.3,88,861.4,0.0,0.037147,,,
01:40:19.447,77.5,88,860.7,0.0,0.037179,,,
01:40:19.485,78.0,88,861.1,0.0,0.037163,,,
01:40:19.522,78.1,88,851.4,0.0,0.037587,,,
01:40:19.560,78.5,88,849.8,0.0,0.037657,,,
01:40:19.599,78.8,87,811.1,0.0,0.039455,,,
01:40:19.637,79.1,87,853.9,0.0,0.037474,,,
01:40:19.674,79.8,87,861.5,0.0,0.037144,,,
01:40:19.711,80.0,87,859.1,0.0,0.03725,,,
01:40:19.748,80.5,87,858.1,0.0,0.03729,,,
01:40:19.786,81.1,87,857.4,0.0,0.03732,,,
01:40:19.824,81.3,87,846.8,0.0,0.037788,,,
01:40:19.862,81.3,87,842.0,0.0,0.038003,,,
01:40:19.899,81.6,87,843.2,0.0,0.03795,,,
01:40:19.937,81.6,87,844.3,0.0,0.037901,,,
01:40:19.975,81.8,88,852.2,0.0,0.037549,,,
01:40:20.013,77.3,88,848.5,0.0,0.037715,,,
01:40:20.013,,,,,,True,1,
01:40:20.043,77.5,88,300.9,217.926124,0.0,,,
01:40:20.080,77.6,88,850.3,0.0,0.06754,,,
01:40:20.118,78.1,88,846.6,0.0,0.037798,,,
01:40:20.156,78.3,88,847.1,0.0,0.037775,,,
01:40:20.194,78.6,86,841.4,0.0,0.03803,,,
01:40:20.232,78.8,86,833.6,0.0,0.038389,,,
01:40:20.271,79.1,86,829.8,0.0,0.038565,,,
01:40:20.309,79.8,86,841.0,0.0,0.038049,,,
01:40:20.347,80.1,86,843.1,0.0,0.037956,,,
01:40:20.385,79.6,87,842.6,0.0,0.037976,,,
01:40:20.386,,,,,,True,1,
01:40:20.415,79.8,87,294.9,218.298385,0.0,,,
01:40:20.452,75.3,87,860.0,0.0,0.067731,,,
01:40:20.453,,,,,,True,1,
01:40:20.482,75.5,87,303.5,218.36522,0.0,,,
01:40:20.519,75.7,87,862.1,0.0,0.066773,,,
01:40:20.556,75.7,87,860.8,0.0,0.037173,,,
01:40:20.593,76.0,87,866.0,0.0,0.036953,,,
01:40:20.630,76.0,87,861.4,0.0,0.037149,,,
01:40:20.668,76.2,87,859.0,0.0,0.037253,,,
01:40:20.705,76.8,87,861.8,0.0,0.037132,,,
01:40:20.743,77.2,87,853.3,0.0,0.0375,,,
01:40:20.780,77.8,88,848.2,0.0,0.037727,,,
01:40:20.818,78.0,88,851.7,0.0,0.037573,,,
01:40:20.855,78.3,88,858.9,0.0,0.037258,,,
01:40:20.892,73.2,88,861.3,0.0,0.037152,,,
01:40:20.893,,,,,,True,1,
01:40:20.922,73.3,88,302.7,218.804915,0.0,,,
01:40:20.959,70.5,88,863.0,0.0,0.066814,,,
01:40:20.959,,,,,,True,1,
01:40:20.991,70.7,87,276.5,218.874526,0.0,,,
01:40:21.027,71.4,87,886.5,0.0,0.068649,,,
01:40:21.064,71.5,87,869.5,0.0,0.036803,,,
01:40:21.102,72.0,87,861.1,0.0,0.03716,,,
01:40:21.139,72.5,87,857.7,0.0,0.037308,,,
01:40:21.176,72.7,87,867.4,0.0,0.03689,,,
01:40:21.212,72.7,87,872.8,0.0,0.036665,,,
01:40:21.249,73.2,87,865.8,0.0,0.036962,,,
01:40:21.286,73.3,87,869.3,0.0,0.03681,,,
01:40:21.323,73.5,87,870.6,0.0,0.036757,,,
01:40:21.363,74.2,88,855.7,0.0,0.037395,,,
01:40:21.401,74.5,88,790.2,0.0,0.040497,,,
01:40:21.438,75.2,88,854.6,0.0,0.037442,,,
01:40:21.475,75.3,88,865.1,0.0,0.036992,,,
01:40:21.512,70.4,88,869.6,0.0,0.036797,,,
01:40:21.513,,,,,,True,1,
01:40:21.542,70.5,88,302.7,219.424821,0.0,,,
01:40:21.578,70.7,86,872.0,0.0,0.066435,,,
01:40:21.615,70.9,86,872.8,0.0,0.036665,,,
01:40:21.651,71.5,86,879.1,0.0,0.036399,,,
01:40:21.688,71.7,86,876.4,0.0,0.036512,,,
01:40:21.725,72.0,86,875.2,0.0,0.036561,,,
01:40:21.763,72.5,89,865.9,0.0,0.036957,,,
01:40:21.801,72.7,89,822.2,0.0,0.03892,,,
01:40:21.838,72.8,89,859.5,0.0,0.037233,,,
01:40:21.874,73.3,89,866.5,0.0,0.036932,,,
01:40:21.911,73.5,89,872.4,0.0,0.036679,,,
01:40:21.948,73.7,89,868.6,0.0,0.036839,,,
01:40:21.985,74.3,86,865.4,0.0,0.036975,,,
01:40:22.023,74.7,86,854.4,0.0,0.037454,,,
01:40:22.060,75.3,86,846.9,0.0,0.037785,,,
01:40:22.098,75.5,86,854.7,0.0,0.037439,,,
01:40:22.135,75.8,86,859.5,0.0,0.037229,,,
01:40:22.172,76.0,88,868.4,0.0,0.036848,,,
01:40:22.209,76.2,88,865.9,0.0,0.036957,,,
01:40:22.246,76.3,88,865.9,0.0,0.036955,,,
01:40:22.247,,,,,,True,1,
01:40:22.275,76.5,88,302.1,220.158634,0.0,,,
01:40:22.312,76.7,88,874.6,0.0,0.066384,,,
01:40:22.349,77.0,88,861.8,0.0,0.037131,,,
01:40:22.386,77.5,88,863.9,0.0,0.03704,,,
01:40:22.424,77.6,88,862.7,0.0,0.037093,,,
01:40:22.461,77.8,88,850.2,0.0,0.037637,,,
01:40:22.499,78.1,88,851.6,0.0,0.037578,,,
01:40:22.536,78.3,88,849.5,0.0,0.037671,,,
01:40:22.573,78.6,88,864.1,0.0,0.037034,,,
01:40:22.610,79.3,88,860.8,0.0,0.037174,,,
01:40:22.648,79.6,88,855.9,0.0,0.037388,,,
01:40:22.685,80.3,88,859.4,0.0,0.037237,,,
01:40:22.723,80.5,88,853.1,0.0,0.03751,,,
01:40:22.763,79.1,88,846.6,0.0,0.037798,,,
01:40:22.764,,,,,,True,1,
01:40:22.793,79.3,88,276.9,220.675998,0.0,,,
01:40:22.830,76.7,88,870.5,0.0,0.069265,,,
01:40:22.830,,,,,,True,1,
01:40:22.859,76.8,88,306.5,220.742105,0.0,,,
01:40:22.897,76.3,88,859.3,0.0,0.066605,,,
01:40:22.897,,,,,,True,1,
01:40:22.926,76.5,88,301.6,220.809166,0.0,,,
01:40:22.963,77.2,88,871.9,0.0,0.066541,,,
01:40:23.001,77.3,88,843.5,0.0,0.037936,,,
01:40:23.039,77.6,88,845.7,0.0,0.037838,,,
01:40:23.076,78.0,88,846.6,0.0,0.037799,,,
01:40:23.114,78.1,88,859.6,0.0,0.037226,,,
01:40:23.151,78.5,88,859.6,0.0,0.037225,,,
01:40:23.188,78.8,86,858.8,0.0,0.037263,,,
01:40:23.225,79.0,86,855.7,0.0,0.037395,,,
01:40:23.263,79.3,86,852.2,0.0,0.037548,,,
01:40:23.301,80.0,86,845.0,0.0,0.037871,,,
01:40:23.339,80.3,86,844.4,0.0,0.037897,,,
01:40:23.377,75.7,88,845.5,0.0,0.037846,,,
01:40:23.377,,,,,,True,1,
01:40:23.406,75.8,88,301.4,221.289557,0.0,,,
01:40:23.444,76.0,88,866.0,0.0,0.066813,,,
01:40:23.482,76.3,88,847.0,0.0,0.037782,,,
01:40:23.519,76.5,88,844.5,0.0,0.03789,,,
01:40:23.557,76.7,88,850.4,0.0,0.037631,,,
01:40:23.594,77.2,86,854.0,0.0,0.037469,,,
01:40:23.632,77.3,86,845.9,0.0,0.037829,,,
01:40:23.670,77.6,86,841.2,0.0,0.038042,,,
01:40:23.708,78.1,86,838.2,0.0,0.038176,,,
01:40:23.746,78.3,86,847.6,0.0,0.037752,,,
01:40:23.784,73.3,87,852.3,0.0,0.037547,,,
01:40:23.785,,,,,,True,1,
01:40:23.814,73.5,87,296.9,221.696917,0.0,,,
01:40:23.850,73.8,87,877.2,0.0,0.066789,,,
01:40:23.887,74.0,87,865.7,0.0,0.036963,,,
01:40:23.925,74.3,87,864.0,0.0,0.037035,,,
01:40:23.963,75.0,89,850.8,0.0,0.037612,,,
01:40:24.001,75.2,89,832.2,0.0,0.038451,,,
01:40:24.038,75.8,89,846.9,0.0,0.037785,,,
01:40:24.076,76.0,89,849.3,0.0,0.037676,,,
01:40:24.113,76.5,89,865.5,0.0,0.036973,,,
01:40:24.150,76.7,89,863.4,0.0,0.037061,,,
01:40:24.187,76.8,85,862.5,0.0,0.0371,,,
01:40:24.224,77.3,85,861.3,0.0,0.037154,,,
01:40:24.262,77.5,85,854.6,0.0,0.037444,,,
01:40:24.300,77.8,85,846.0,0.0,0.037825,,,
01:40:24.337,78.3,85,840.6,0.0,0.038068,,,
01:40:24.375,78.5,88,849.3,0.0,0.037677,,,
01:40:24.413,78.8,88,851.8,0.0,0.037565,,,
01:40:24.450,79.1,88,847.4,0.0,0.037763,,,
01:40:24.488,79.3,88,845.6,0.0,0.037844,,,
01:40:24.526,79.6,88,848.7,0.0,0.037705,,,
01:40:24.564,80.3,88,850.3,0.0,0.037634,,,
01:40:24.602,80.5,88,845.1,0.0,0.037864,,,
01:40:24.640,81.1,88,838.6,0.0,0.038157,,,
01:40:24.678,81.3,88,841.5,0.0,0.038026,,,
01:40:24.715,81.8,88,850.5,0.0,0.037626,,,
01:40:24.753,82.0,88,857.4,0.0,0.037322,,,
01:40:24.790,82.1,86,851.9,0.0,0.037562,,,
01:40:24.828,82.6,86,853.9,0.0,0.037476,,,
01:40:24.865,82.8,86,853.3,0.0,0.037499,,,
01:40:24.903,83.1,86,852.4,0.0,0.03754,,,
01:40:24.941,78.3,86,839.3,0.0,0.038128,,,
01:40:24.942,,,,,,True,1,
01:40:24.971,78.5,89,295.2,222.854398,0.0,,,
01:40:25.009,78.6,89,856.1,0.0,0.067864,,,
01:40:25.046,79.0,89,849.7,0.0,0.03766,,,
01:40:25.084,79.3,89,852.1,0.0,0.037556,,,
01:40:25.122,79.5,89,843.1,0.0,0.037955,,,
01:40:25.162,79.6,88,837.8,0.0,0.038196,,,
01:40:25.201,80.3,88,795.2,0.0,0.040243,,,
01:40:25.239,80.5,88,839.8,0.0,0.038104,,,
01:40:25.277,81.3,88,836.8,0.0,0.03824,,,
01:40:25.314,81.5,88,847.1,0.0,0.037777,,,
01:40:25.352,82.0,88,853.6,0.0,0.037489,,,
01:40:25.390,82.1,85,848.6,0.0,0.037709,,,
01:40:25.427,82.3,85,850.4,0.0,0.03763,,,
01:40:25.465,82.8,85,850.6,0.0,0.037622,,,
01:40:25.503,82.9,85,850.9,0.0,0.037606,,,
01:40:25.541,83.3,85,841.9,0.0,0.038007,,,
01:40:25.579,83.8,88,838.1,0.0,0.03818,,,
01:40:25.617,83.9,88,839.2,0.0,0.038133,,,
01:40:25.655,79.3,88,846.3,0.0,0.037811,,,
01:40:25.655,,,,,,True,1,
01:40:25.684,79.5,88,304.1,223.567273,0.0,,,
01:40:25.722,79.8,88,860.9,0.0,0.066765,,,
01:40:25.762,80.0,88,841.4,0.0,0.038034,,,
01:40:25.800,80.1,88,794.3,0.0,0.040285,,,
01:40:25.838,80.8,88,845.4,0.0,0.037851,,,
01:40:25.875,81.0,88,846.0,0.0,0.037824,,,
01:40:25.913,81.8,88,857.5,0.0,0.037318,,,
01:40:25.950,82.0,88,853.6,0.0,0.03749,,,
01:40:25.988,82.5,85,849.7,0.0,0.037662,,,
01:40:26.025,82.6,85,851.0,0.0,0.037604,,,
01:40:26.063,82.8,85,851.0,0.0,0.037602,,,
01:40:26.101,83.3,85,843.7,0.0,0.037929,,,
01:40:26.140,83.4,85,835.2,0.0,0.038315,,,
01:40:26.178,83.8,88,836.3,0.0,0.038265,,,
01:40:26.216,84.3,88,838.8,0.0,0.038151,,,
01:40:26.254,84.4,88,845.7,0.0,0.037839,,,
01:40:26.292,84.8,88,841.9,0.0,0.03801,,,
01:40:26.330,85.1,88,839.2,0.0,0.03813,,,
01:40:26.368,85.3,88,844.5,0.0,0.03789,,,
01:40:26.405,85.4,88,845.7,0.0,0.037838,,,
01:40:26.443,86.1,88,845.9,0.0,0.037828,,,
01:40:26.482,86.3,88,840.9,0.0,0.038056,,,
01:40:26.520,81.8,88,831.7,0.0,0.038476,,,
01:40:26.521,,,,,,True,1,
01:40:26.550,82.0,88,297.5,224.433076,0.0,,,
01:40:26.587,82.1,87,864.2,0.0,0.067275,,,
01:40:26.624,82.6,87,856.2,0.0,0.037375,,,
01:40:26.662,82.8,87,854.9,0.0,0.037433,,,
01:40:26.700,82.9,87,836.4,0.0,0.038261,,,
01:40:26.739,83.3,87,835.1,0.0,0.038316,,,
01:40:26.777,83.4,88,833.1,0.0,0.038412,,,
01:40:26.815,83.8,88,837.5,0.0,0.038207,,,
01:40:26.853,84.4,88,847.3,0.0,0.037768,,,
01:40:26.891,84.6,88,845.8,0.0,0.037835,,,
01:40:26.928,84.9,88,847.5,0.0,0.037757,,,
01:40:26.966,80.0,88,845.0,0.0,0.03787,,,
01:40:26.967,,,,,,True,1,
01:40:26.996,80.1,88,301.9,224.879125,0.0,,,
01:40:27.033,80.3,88,857.3,0.0,0.067137,,,
01:40:27.071,80.5,88,856.3,0.0,0.037372,,,
01:40:27.108,81.1,88,854.8,0.0,0.037435,,,
01:40:27.146,81.3,88,852.3,0.0,0.037544,,,
01:40:27.184,82.0,87,855.7,0.0,0.037395,,,
01:40:27.221,82.1,87,847.3,0.0,0.037766,,,
01:40:27.259,82.6,87,836.9,0.0,0.038235,,,
01:40:27.298,82.9,87,835.4,0.0,0.038304,,,
01:40:27.336,83.1,87,840.7,0.0,0.038064,,,
01:40:27.373,83.4,88,849.5,0.0,0.037667,,,
01:40:27.411,83.6,88,852.4,0.0,0.03754,,,
01:40:27.448,83.9,88,849.1,0.0,0.037688,,,
01:40:27.486,84.6,88,848.1,0.0,0.037733,,,
01:40:27.524,84.8,88,849.4,0.0,0.037673,,,
01:40:27.562,85.1,89,848.9,0.0,0.037696,,,
01:40:27.600,85.4,89,836.9,0.0,0.038235,,,
01:40:27.638,85.6,89,835.0,0.0,0.038325,,,
01:40:27.676,85.8,89,836.9,0.0,0.038239,,,
01:40:27.714,86.4,89,842.9,0.0,0.037963,,,
01:40:27.752,86.6,89,847.0,0.0,0.037782,,,
01:40:27.790,87.3,86,845.3,0.0,0.037855,,,
01:40:27.828,87.4,86,845.5,0.0,0.037848,,,
01:40:27.866,87.9,86,846.4,0.0,0.037809,,,
01:40:27.904,86.4,86,843.9,0.0,0.037917,,,
01:40:27.904,,,,,,True,1,
01:40:27.933,86.6,86,301.0,225.816416,0.0,,,
01:40:27.971,86.8,90,848.4,0.0,0.067614,,,
01:40:28.009,87.1,90,836.3,0.0,0.038266,,,
01:40:28.048,82.0,90,838.9,0.0,0.038147,,,
01:40:28.048,,,,,,True,1,
01:40:28.077,82.1,90,302.2,225.960303,0.0,,,
01:40:28.115,82.5,90,847.9,0.0,0.06752,,,
01:40:28.153,83.1,90,846.9,0.0,0.037783,,,
01:40:28.190,83.3,87,851.0,0.0,0.037603,,,
01:40:28.228,83.4,87,848.8,0.0,0.037699,,,
01:40:28.266,83.8,87,849.3,0.0,0.037676,,,
01:40:28.304,78.6,87,850.7,0.0,0.037616,,,
01:40:28.304,,,,,,True,1,
01:40:28.333,78.8,87,302.0,226.216202,0.0,,,
01:40:28.370,79.0,90,869.3,0.0,0.066611,,,
01:40:28.407,79.8,90,859.1,0.0,0.037247,,,
01:40:28.445,80.0,90,855.9,0.0,0.037388,,,
01:40:28.483,80.6,90,850.7,0.0,0.037617,,,
01:40:28.521,80.6,90,843.0,0.0,0.037962,,,
01:40:28.561,81.1,88,836.9,0.0,0.038236,,,
01:40:28.599,81.5,88,790.3,0.0,0.04049,,,
01:40:28.638,81.8,88,829.6,0.0,0.038572,,,
01:40:28.676,82.1,88,827.6,0.0,0.038666,,,
01:40:28.715,82.3,88,831.2,0.0,0.038499,,,
01:40:28.753,82.6,88,839.0,0.0,0.03814,,,
01:40:28.791,83.3,84,846.9,0.0,0.037785,,,
01:40:28.828,78.1,84,847.9,0.0,0.037742,,,
01:40:28.829,,,,,,True,1,
01:40:28.858,78.3,84,302.0,226.74114,0.0,,,
01:40:28.895,78.5,84,859.5,0.0,0.067031,,,
01:40:28.933,78.8,84,853.7,0.0,0.037483,,,
01:40:28.970,79.0,89,858.6,0.0,0.03727,,,
01:40:29.008,75.7,89,856.0,0.0,0.037383,,,
01:40:29.008,,,,,,True,1,
01:40:29.038,75.8,89,301.9,226.920299,0.0,,,
01:40:29.075,76.5,89,854.3,0.0,0.067265,,,
01:40:29.112,76.7,89,857.6,0.0,0.037312,,,
01:40:29.149,77.3,89,863.1,0.0,0.037075,,,
01:40:29.186,77.5,87,858.4,0.0,0.037278,,,
01:40:29.224,77.8,87,859.3,0.0,0.037238,,,
01:40:29.262,72.8,87,852.1,0.0,0.037556,,,
01:40:29.263,,,,,,True,1,
01:40:29.292,73.0,87,296.2,227.174579,0.0,,,
01:40:29.328,73.3,87,873.6,0.0,0.067015,,,
01:40:29.365,73.8,89,866.3,0.0,0.03694,,,
01:40:29.403,74.0,89,865.8,0.0,0.036962,,,
01:40:29.440,74.3,89,857.1,0.0,0.037334,,,
01:40:29.477,74.8,89,851.5,0.0,0.037579,,,
01:40:29.515,69.7,89,855.5,0.0,0.037405,,,
01:40:29.515,,,,,,True,1,
01:40:29.544,69.9,89,302.3,227.427185,0.0,,,
01:40:29.581,70.0,87,888.6,0.0,0.065785,,,
01:40:29.618,70.5,87,858.6,0.0,0.03727,,,
01:40:29.655,70.7,87,861.0,0.0,0.037166,,,
01:40:29.692,70.9,87,869.5,0.0,0.036802,,,
01:40:29.728,71.4,87,870.9,0.0,0.036743,,,
01:40:29.765,71.5,88,872.2,0.0,0.036691,,,
01:40:29.802,72.2,88,871.4,0.0,0.036724,,,
01:40:29.839,72.5,88,861.9,0.0,0.037128,,,
01:40:29.876,72.8,88,858.7,0.0,0.037267,,,
01:40:29.913,73.2,88,863.3,0.0,0.037069,,,
01:40:29.950,73.5,88,872.8,0.0,0.036663,,,
01:40:29.987,74.0,86,865.3,0.0,0.036983,,,
01:40:30.024,74.2,86,862.1,0.0,0.03712,,,
01:40:30.061,74.5,86,862.8,0.0,0.037089,,,
01:40:30.099,75.0,86,851.5,0.0,0.037583,,,
01:40:30.137,72.2,86,849.2,0.0,0.037683,,,
01:40:30.137,,,,,,True,1,
01:40:30.167,72.4,88,295.3,228.049642,0.0,,,
01:40:30.204,72.5,88,872.3,0.0,0.067165,,,
01:40:30.242,73.0,88,842.2,0.0,0.037996,,,
01:40:30.280,73.2,88,835.0,0.0,0.038322,,,
01:40:30.318,73.3,88,835.1,0.0,0.038319,,,
01:40:30.356,73.7,88,847.9,0.0,0.037739,,,
01:40:30.395,73.8,85,812.4,0.0,0.039389,,,
01:40:30.432,74.5,85,861.6,0.0,0.037139,,,
01:40:30.469,75.0,85,867.4,0.0,0.03689,,,
01:40:30.506,75.3,85,864.8,0.0,0.037001,,,
01:40:30.543,75.7,85,865.3,0.0,0.036983,,,
01:40:30.581,76.0,87,864.1,0.0,0.037031,,,
01:40:30.618,76.5,87,846.6,0.0,0.037797,,,
01:40:30.656,76.7,87,854.3,0.0,0.037459,,,
01:40:30.693,77.0,87,860.7,0.0,0.037179,,,
01:40:30.730,77.5,87,854.5,0.0,0.037449,,,
01:40:30.767,77.6,88,864.3,0.0,0.037024,,,
01:40:30.804,77.8,88,862.4,0.0,0.037107,,,
01:40:30.842,77.2,88,860.1,0.0,0.037203,,,
01:40:30.843,,,,,,True,1,
01:40:30.871,77.3,88,298.7,228.754438,0.0,,,
01:40:30.908,77.5,88,871.2,0.0,0.066858,,,
01:40:30.946,77.6,88,858.0,0.0,0.037296,,,
01:40:30.983,78.0,87,859.1,0.0,0.037248,,,
01:40:31.020,78.1,87,857.6,0.0,0.037313,,,
01:40:31.059,78.8,87,839.6,0.0,0.038115,,,
01:40:31.096,79.3,87,845.9,0.0,0.037832,,,
01:40:31.134,79.6,87,847.4,0.0,0.037761,,,
01:40:31.171,80.0,88,855.7,0.0,0.037398,,,
01:40:31.209,80.3,88,858.6,0.0,0.037269,,,
01:40:31.246,80.8,88,855.5,0.0,0.037405,,,
01:40:31.283,81.0,88,854.0,0.0,0.037469,,,
01:40:31.321,81.3,88,855.6,0.0,0.0374,,,
01:40:31.360,81.8,89,847.0,0.0,0.03778,,,
01:40:31.399,82.0,89,810.3,0.0,0.039492,,,
01:40:31.437,82.1,89,836.1,0.0,0.038274,,,
01:40:31.474,82.6,89,840.4,0.0,0.038077,,,
01:40:31.512,82.8,89,847.6,0.0,0.037754,,,
01:40:31.550,82.9,89,854.6,0.0,0.037443,,,
01:40:31.587,83.3,85,852.3,0.0,0.037543,,,
01:40:31.625,78.1,85,851.7,0.0,0.037574,,,
01:40:31.626,,,,,,True,1,
01:40:31.654,78.3,85,302.8,229.53731,0.0,,,
01:40:31.692,79.0,85,861.8,0.0,0.066851,,,
01:40:31.729,79.5,85,854.1,0.0,0.037467,,,
01:40:31.766,76.0,90,861.7,0.0,0.037135,,,
01:40:31.767,,,,,,True,1,
01:40:31.796,76.2,90,304.4,229.678591,0.0,,,
01:40:31.833,76.5,90,859.8,0.0,0.066781,,,
01:40:31.870,76.7,90,867.8,0.0,0.036876,,,
01:40:31.907,77.2,90,864.9,0.0,0.036998,,,
01:40:31.944,77.3,90,860.3,0.0,0.037197,,,
01:40:31.982,77.6,87,858.1,0.0,0.037294,,,
01:40:32.019,78.1,87,852.9,0.0,0.037517,,,
01:40:32.057,78.3,87,846.1,0.0,0.037822,,,
01:40:32.094,78.6,87,849.4,0.0,0.037675,,,
01:40:32.136,79.1,87,780.9,0.0,0.04098,,,
01:40:32.178,79.3,85,765.0,0.0,0.041829,,,
01:40:32.221,79.5,85,747.1,0.0,0.04283,,,
01:40:32.263,79.8,85,751.6,0.0,0.042578,,,
01:40:32.305,80.0,85,760.7,0.0,0.042064,,,
01:40:32.348,80.6,85,758.0,0.0,0.042214,,,
01:40:32.390,81.1,76,756.8,0.0,0.042285,,,
01:40:32.433,81.5,76,748.9,0.0,0.042731,,,
01:40:32.475,81.8,76,752.7,0.0,0.042516,,,
01:40:32.518,82.0,76,752.1,0.0,0.04255,,,
01:40:32.561,77.5,80,748.9,0.0,0.042731,,,
01:40:32.563,,,,,,True,1,
01:40:32.593,77.6,80,271.6,230.475609,0.0,,,
01:40:32.636,77.8,80,764.7,0.0,0.074982,,,
01:40:32.678,78.1,80,749.4,0.0,0.042699,,,
01:40:32.723,78.6,80,719.6,0.0,0.044471,,,
01:40:32.765,78.8,77,749.4,0.0,0.042701,,,
01:40:32.808,79.1,77,750.6,0.0,0.04263,,,
01:40:32.850,79.6,77,754.2,0.0,0.04243,,,
01:40:32.893,79.8,77,757.0,0.0,0.042272,,,
01:40:32.936,80.1,77,746.0,0.0,0.042897,,,
01:40:32.979,80.3,75,743.7,0.0,0.043026,,,
01:40:33.022,80.5,75,748.6,0.0,0.042749,,,
01:40:33.064,81.1,75,749.8,0.0,0.042681,,,
01:40:33.106,81.6,75,754.3,0.0,0.042424,,,
01:40:33.149,82.0,75,751.0,0.0,0.042611,,,
01:40:33.191,82.3,76,754.0,0.0,0.042442,,,
01:40:33.234,82.5,76,747.9,0.0,0.042784,,,
01:40:33.277,82.9,76,745.7,0.0,0.04291,,,
01:40:33.321,79.1,76,735.7,0.0,0.043498,,,
01:40:33.323,,,,,,True,1,
01:40:33.353,79.3,76,272.9,231.235645,0.0,,,
01:40:33.398,79.6,78,723.8,0.0,0.077196,,,
01:40:33.442,80.0,78,717.5,0.0,0.044597,,,
01:40:33.485,80.1,78,752.2,0.0,0.04254,,,
01:40:33.527,80.5,78,755.7,0.0,0.042343,,,
01:40:33.570,70.4,78,753.4,0.0,0.042474,,,
01:40:33.572,,,,,,True,2,
01:40:33.602,70.7,78,549.9,231.484529,0.0,,,
01:40:33.644,70.9,78,773.5,0.0,0.074105,,,
01:40:33.687,71.2,78,748.7,0.0,0.042738,,,
01:40:33.729,71.5,78,761.0,0.0,0.042051,,,
01:40:33.771,71.7,77,765.1,0.0,0.041826,,,
01:40:33.814,72.0,77,731.8,0.0,0.04373,,,
01:40:33.857,72.5,77,758.3,0.0,0.042201,,,
01:40:33.899,72.8,77,762.3,0.0,0.041976,,,
01:40:33.941,73.5,77,760.4,0.0,0.042081,,,
01:40:33.983,73.7,74,756.3,0.0,0.042309,,,
01:40:34.025,74.2,74,760.9,0.0,0.042053,,,
01:40:34.067,74.3,74,763.0,0.0,0.04194,,,
01:40:34.109,74.7,74,759.7,0.0,0.042125,,,
01:40:34.151,75.0,74,762.3,0.0,0.041981,,,
01:40:34.193,75.2,76,762.6,0.0,0.04196,,,
01:40:34.236,75.5,76,751.5,0.0,0.04258,,,
01:40:34.278,76.0,76,751.1,0.0,0.042603,,,
01:40:34.321,76.2,76,755.0,0.0,0.042384,,,
01:40:34.363,76.5,80,753.9,0.0,0.042449,,,
01:40:34.405,76.8,80,764.6,0.0,0.041853,,,
01:40:34.447,77.0,80,759.6,0.0,0.042128,,,
01:40:34.489,77.3,80,764.7,0.0,0.041847,,,
01:40:34.531,77.8,80,756.2,0.0,0.042318,,,
01:40:34.573,78.1,76,755.1,0.0,0.042377,,,
01:40:34.616,78.8,76,754.1,0.0,0.042436,,,
01:40:34.658,79.0,76,753.2,0.0,0.042484,,,
01:40:34.701,76.5,76,756.7,0.0,0.042286,,,
01:40:34.703,,,,,,True,1,
01:40:34.733,76.7,76,274.1,232.615412,0.0,,,
01:40:34.774,76.8,78,779.8,0.0,0.073871,,,
01:40:34.817,77.2,78,755.7,0.0,0.042346,,,
01:40:34.859,77.5,78,761.9,0.0,0.042,,,
01:40:34.901,77.6,78,758.2,0.0,0.042204,,,
01:40:34.944,78.0,78,753.7,0.0,0.042457,,,
01:40:34.986,78.5,76,758.0,0.0,0.042214,,,
01:40:35.028,78.6,76,752.8,0.0,0.042508,,,
01:40:35.072,79.1,76,722.8,0.0,0.044275,,,
01:40:35.115,79.5,76,750.9,0.0,0.042613,,,
01:40:35.159,79.6,78,749.1,0.0,0.042717,,,
01:40:35.202,74.7,78,732.7,0.0,0.043675,,,
01:40:35.204,,,,,,True,1,
01:40:35.234,74.8,78,276.2,233.116027,0.0,,,
01:40:35.276,73.5,78,777.6,0.0,0.07374,,,
01:40:35.277,,,,,,True,1,
01:40:35.307,73.7,78,276.1,233.189751,0.0,,,
01:40:35.348,73.8,78,788.5,0.0,0.073175,,,
01:40:35.392,74.5,75,730.9,0.0,0.043784,,,
01:40:35.435,69.2,75,747.2,0.0,0.042829,,,
01:40:35.437,,,,,,True,1,
01:40:35.468,69.4,75,273.0,233.349889,0.0,,,
01:40:35.508,69.7,75,797.7,0.0,0.07308,,,
01:40:35.549,69.9,75,774.4,0.0,0.041324,,,
01:40:35.591,70.2,78,772.4,0.0,0.041429,,,
01:40:35.633,70.7,78,764.7,0.0,0.041846,,,
01:40:35.675,70.9,78,765.7,0.0,0.04179,,,
01:40:35.717,71.2,78,764.5,0.0,0.04186,,,
01:40:35.759,71.7,79,764.9,0.0,0.041835,,,
01:40:35.801,72.0,79,761.0,0.0,0.042048,,,
01:40:35.842,72.5,79,763.4,0.0,0.041916,,,
01:40:35.883,72.8,79,773.7,0.0,0.04136,,,
01:40:35.925,73.0,79,767.2,0.0,0.041712,,,
01:40:35.967,73.3,77,763.9,0.0,0.04189,,,
01:40:36.011,73.8,77,730.6,0.0,0.043798,,,
01:40:36.053,74.0,77,760.6,0.0,0.042073,,,
01:40:36.095,74.7,77,757.8,0.0,0.042228,,,
01:40:36.138,74.7,77,753.9,0.0,0.042446,,,
01:40:36.180,75.0,75,760.7,0.0,0.042065,,,
01:40:36.222,75.2,75,757.3,0.0,0.042255,,,
01:40:36.265,75.5,75,743.3,0.0,0.04305,,,
01:40:36.308,76.0,75,753.8,0.0,0.042449,,,
01:40:36.350,76.2,75,751.9,0.0,0.042559,,,
01:40:36.393,76.5,75,758.1,0.0,0.042213,,,
01:40:36.437,77.0,75,717.1,0.0,0.044626,,,
01:40:36.479,77.3,75,758.1,0.0,0.042213,,,
01:40:36.522,77.8,75,753.2,0.0,0.042485,,,
01:40:36.563,78.1,79,763.3,0.0,0.041922,,,
01:40:36.605,78.3,79,763.6,0.0,0.041905,,,
01:40:36.647,78.6,79,760.2,0.0,0.042093,,,
01:40:36.690,79.1,79,759.7,0.0,0.04212,,,
01:40:36.732,79.3,79,753.1,0.0,0.042494,,,
01:40:36.776,80.0,76,741.7,0.0,0.043143,,,
01:40:36.819,80.0,76,733.3,0.0,0.043637,,,
01:40:36.862,80.3,76,736.2,0.0,0.043464,,,
01:40:36.905,80.5,76,743.5,0.0,0.04304,,,
01:40:36.949,80.8,76,728.3,0.0,0.043936,,,
01:40:36.992,81.3,74,748.5,0.0,0.04275,,,
01:40:37.036,81.5,74,741.0,0.0,0.043185,,,
01:40:37.079,81.8,74,738.4,0.0,0.043335,,,
01:40:37.121,82.3,74,747.1,0.0,0.042833,,,
01:40:37.164,81.6,80,751.7,0.0,0.042569,,,
01:40:37.166,,,,,,True,1,
01:40:37.196,81.8,80,276.8,235.078397,0.0,,,
01:40:37.239,82.3,80,758.8,0.0,0.074685,,,
01:40:37.282,77.2,80,740.2,0.0,0.043233,,,
01:40:37.284,,,,,,True,1,
01:40:37.315,77.3,80,274.1,235.19662,0.0,,,
01:40:37.358,77.5,78,776.7,0.0,0.074034,,,
01:40:37.401,77.8,78,717.6,0.0,0.044595,,,
01:40:37.443,78.3,78,755.1,0.0,0.042381,,,
01:40:37.485,78.5,78,753.3,0.0,0.042478,,,
01:40:37.528,79.0,78,758.9,0.0,0.042165,,,
01:40:37.570,79.1,77,758.9,0.0,0.042165,,,
01:40:37.612,79.5,77,750.0,0.0,0.042669,,,
01:40:37.655,79.8,77,749.0,0.0,0.042721,,,
01:40:37.698,80.1,77,751.8,0.0,0.042565,,,
01:40:37.740,80.6,77,754.9,0.0,0.042392,,,
01:40:37.783,80.8,76,751.1,0.0,0.042605,,,
01:40:37.825,81.1,76,755.5,0.0,0.042357,,,
01:40:37.867,81.6,76,755.2,0.0,0.042374,,,
01:40:37.910,82.0,76,755.4,0.0,0.042363,,,
01:40:37.953,82.5,76,747.3,0.0,0.042818,,,
01:40:37.997,82.6,77,724.3,0.0,0.044179,,,
01:40:38.040,82.8,77,743.3,0.0,0.043051,,,
01:40:38.083,83.1,77,742.6,0.0,0.043093,,,
01:40:38.126,83.6,77,748.5,0.0,0.042754,,,
01:40:38.168,83.8,78,751.4,0.0,0.042586,,,
01:40:38.211,84.3,78,747.0,0.0,0.042835,,,
01:40:38.255,84.4,78,741.8,0.0,0.043138,,,
01:40:38.298,84.8,78,738.1,0.0,0.043353,,,
01:40:38.341,85.1,78,746.3,0.0,0.042881,,,
01:40:38.384,85.4,75,743.7,0.0,0.043025,,,
01:40:38.426,85.9,75,746.2,0.0,0.042882,,,
01:40:38.469,86.1,75,748.2,0.0,0.042771,,,
01:40:38.512,86.4,75,750.3,0.0,0.042652,,,
01:40:38.558,86.9,79,737.3,0.0,0.0434,,,
01:40:38.601,87.3,79,701.6,0.0,0.045611,,,
01:40:38.644,87.7,79,741.6,0.0,0.043149,,,
01:40:38.688,87.9,79,733.9,0.0,0.043601,,,
01:40:38.731,88.1,79,730.4,0.0,0.04381,,,
01:40:38.776,83.1,76,731.5,0.0,0.043744,,,
01:40:38.778,,,,,,True,1,
01:40:38.808,83.3,76,266.5,236.690729,0.0,,,
01:40:38.851,83.8,76,763.4,0.0,0.075687,,,
01:40:38.895,78.6,76,738.1,0.0,0.043352,,,
01:40:38.897,,,,,,True,1,
01:40:38.927,78.8,76,266.8,236.809717,0.0,,,
01:40:38.970,79.3,78,768.5,0.0,0.075371,,,
01:40:39.013,79.5,78,738.9,0.0,0.043309,,,
01:40:39.057,79.6,78,738.2,0.0,0.043348,,,
01:40:39.100,80.0,78,733.6,0.0,0.043623,,,
01:40:39.144,80.1,78,731.1,0.0,0.043771,,,
01:40:39.187,80.8,73,740.3,0.0,0.043228,,,
01:40:39.231,81.0,73,731.1,0.0,0.043767,,,
01:40:39.276,81.5,73,727.3,0.0,0.043997,,,
01:40:39.319,82.0,73,721.5,0.0,0.04435,,,
01:40:39.362,82.3,78,741.0,0.0,0.043184,,,
01:40:39.405,82.8,78,748.5,0.0,0.042751,,,
01:40:39.448,81.0,78,749.2,0.0,0.04271,,,
01:40:39.450,,,,,,True,1,
01:40:39.480,81.1,78,275.6,237.36202,0.0,,,
01:40:39.522,81.3,78,774.0,0.0,0.073997,,,
01:40:39.564,81.6,78,750.0,0.0,0.042664,,,
01:40:39.607,82.1,78,754.4,0.0,0.04242,,,
01:40:39.649,82.3,78,752.5,0.0,0.042525,,,
01:40:39.692,82.8,78,748.2,0.0,0.042771,,,
01:40:39.735,82.9,78,747.6,0.0,0.042801,,,
01:40:39.778,78.8,76,738.6,0.0,0.043323,,,
01:40:39.780,,,,,,True,1,
01:40:39.811,79.0,76,273.0,237.692813,0.0,,,
01:40:39.852,79.5,76,776.5,0.0,0.074178,,,
01:40:39.895,79.5,76,755.0,0.0,0.042385,,,
01:40:39.938,80.1,76,744.0,0.0,0.043011,,,
01:40:39.981,80.3,77,745.6,0.0,0.042917,,,
01:40:40.023,80.8,77,751.5,0.0,0.042581,,,
01:40:40.066,81.1,77,752.8,0.0,0.042509,,,
01:40:40.108,81.5,77,754.4,0.0,0.042415,,,
01:40:40.151,82.1,77,751.4,0.0,0.042585,,,
01:40:40.196,82.3,77,705.0,0.0,0.045388,,,
01:40:40.240,82.5,77,732.4,0.0,0.04369,,,
01:40:40.284,82.8,77,730.3,0.0,0.043818,,,
01:40:40.327,83.3,77,741.5,0.0,0.043155,,,
01:40:40.369,83.4,77,749.4,0.0,0.0427,,,
01:40:40.412,83.9,77,747.0,0.0,0.04284,,,
01:40:40.456,84.1,77,741.3,0.0,0.043166,,,
01:40:40.499,84.3,77,742.9,0.0,0.043074,,,
01:40:40.541,84.8,77,744.3,0.0,0.042995,,,
01:40:40.584,84.8,76,752.3,0.0,0.042536,,,
01:40:40.627,85.4,76,749.3,0.0,0.042704,,,
01:40:40.669,85.6,76,749.6,0.0,0.042691,,,
01:40:40.712,86.1,76,747.6,0.0,0.042802,,,
01:40:40.757,86.4,79,742.2,0.0,0.043114,,,
01:40:40.800,86.8,79,718.2,0.0,0.044558,,,
01:40:40.843,87.4,79,745.0,0.0,0.042952,,,
01:40:40.886,87.6,79,742.2,0.0,0.043117,,,
01:40:40.930,87.7,79,728.3,0.0,0.043937,,,
01:40:40.974,88.1,76,722.0,0.0,0.044319,,,
01:40:41.019,83.3,76,725.6,0.0,0.0441,,,
01:40:41.021,,,,,,True,1,
01:40:41.052,83.4,76,267.6,238.933702,0.0,,,
01:40:41.094,83.6,76,761.5,0.0,0.075655,,,
01:40:41.138,84.1,76,733.7,0.0,0.043617,,,
01:40:41.181,84.3,76,735.2,0.0,0.043527,,,
01:40:41.224,84.4,76,749.2,0.0,0.042714,,,
01:40:41.266,84.8,76,750.7,0.0,0.042629,,,
01:40:41.309,84.8,76,745.9,0.0,0.042899,,,
01:40:41.353,85.4,76,737.5,0.0,0.043391,,,
01:40:41.396,85.8,78,737.8,0.0,0.043372,,,
01:40:41.441,81.0,78,710.5,0.0,0.045039,,,
01:40:41.443,,,,,,True,1,
01:40:41.474,81.1,78,274.9,239.355628,0.0,,,
01:40:41.516,76.2,78,769.4,0.0,0.07433,,,
01:40:41.517,,,,,,True,1,
01:40:41.547,76.3,78,278.2,239.429549,0.0,,,
01:40:41.589,76.7,77,783.2,0.0,0.073206,,,
01:40:41.631,77.3,77,757.7,0.0,0.042235,,,
01:40:41.673,77.5,77,758.4,0.0,0.042195,,,
01:40:41.716,77.5,77,751.8,0.0,0.042564,,,
01:40:41.758,77.6,80,752.4,0.0,0.042531,,,
01:40:41.801,78.1,80,753.6,0.0,0.042465,,,
01:40:41.843,78.5,80,759.5,0.0,0.042133,,,
01:40:41.885,79.1,80,759.3,0.0,0.042144,,,
01:40:41.929,79.3,80,720.5,0.0,0.044412,,,
01:40:41.973,79.5,75,737.3,0.0,0.043399,,,
01:40:42.017,79.8,75,736.1,0.0,0.043471,,,
01:40:42.059,79.8,75,745.2,0.0,0.042944,,,
01:40:42.102,80.5,75,747.4,0.0,0.042818,,,
01:40:42.144,80.8,75,754.5,0.0,0.042415,,,
01:40:42.187,81.3,75,755.8,0.0,0.042339,,,
01:40:42.230,81.6,75,746.4,0.0,0.042871,,,
01:40:42.272,82.0,75,749.2,0.0,0.042714,,,
01:40:42.315,82.6,75,745.4,0.0,0.042928,,,
01:40:42.358,82.8,80,751.1,0.0,0.042603,,,
01:40:42.401,82.8,80,746.6,0.0,0.042861,,,
01:40:42.445,82.9,80,721.2,0.0,0.044372,,,
01:40:42.488,81.6,80,750.0,0.0,0.042669,,,
01:40:42.490,,,,,,True,1,
01:40:42.520,81.8,80,276.1,240.402068,0.0,,,
01:40:42.561,82.1,78,777.3,0.0,0.073767,,,
01:40:42.604,82.8,78,757.0,0.0,0.04227,,,
01:40:42.646,82.9,78,752.8,0.0,0.042507,,,
01:40:42.689,83.1,78,752.3,0.0,0.042537,,,
01:40:42.732,83.4,78,749.2,0.0,0.042714,,,
01:40:42.775,83.4,76,748.1,0.0,0.042774,,,
01:40:42.817,84.1,76,749.8,0.0,0.042681,,,
01:40:42.860,84.4,76,741.8,0.0,0.043137,,,
01:40:42.903,84.9,76,750.5,0.0,0.042636,,,
01:40:42.946,85.3,76,747.4,0.0,0.042817,,,
01:40:42.989,85.6,76,742.6,0.0,0.043093,,,
01:40:43.033,86.3,76,735.1,0.0,0.043529,,,
01:40:43.076,86.4,76,735.0,0.0,0.04354,,,
01:40:43.121,86.4,76,708.8,0.0,0.045147,,,
01:40:43.164,85.6,79,742.1,0.0,0.043123,,,
01:40:43.166,,,,,,True,1,
01:40:43.196,85.8,79,276.4,241.078285,0.0,,,
01:40:43.239,86.3,79,765.8,0.0,0.074346,,,
01:40:43.282,86.6,79,738.2,0.0,0.043346,,,
01:40:43.327,87.3,79,710.3,0.0,0.04505,,,
01:40:43.370,87.4,77,743.6,0.0,0.043033,,,
01:40:43.414,87.6,77,734.4,0.0,0.043571,,,
01:40:43.458,87.7,77,724.3,0.0,0.044183,,,
01:40:43.501,87.7,77,734.3,0.0,0.043581,,,
01:40:43.544,83.3,77,742.2,0.0,0.043116,,,
01:40:43.546,,,,,,True,1,
01:40:43.577,83.4,75,274.9,241.458677,0.0,,,
01:40:43.619,83.8,75,755.8,0.0,0.075084,,,
01:40:43.663,84.3,75,735.3,0.0,0.043521,,,
01:40:43.706,84.6,75,736.1,0.0,0.043475,,,
01:40:43.750,84.9,75,742.0,0.0,0.043129,,,
01:40:43.795,85.4,77,701.8,0.0,0.045594,,,
01:40:43.838,85.6,77,744.5,0.0,0.042982,,,
01:40:43.881,85.6,77,739.2,0.0,0.043288,,,
01:40:43.924,85.9,77,750.8,0.0,0.042624,,,
01:40:43.969,86.4,78,717.7,0.0,0.044588,,,
01:40:44.012,86.8,78,735.2,0.0,0.043526,,,
01:40:44.056,87.4,78,732.4,0.0,0.043691,,,
01:40:44.099,87.6,78,740.3,0.0,0.043226,,,
01:40:44.142,82.5,78,744.7,0.0,0.042971,,,
01:40:44.144,,,,,,True,1,
01:40:44.174,82.6,75,275.7,242.056255,0.0,,,
01:40:44.217,82.8,75,762.2,0.0,0.074627,,,
01:40:44.260,77.5,75,745.6,0.0,0.042921,,,
01:40:44.262,,,,,,True,1,
01:40:44.292,77.6,75,276.8,242.173629,0.0,,,
01:40:44.334,78.5,75,773.0,0.0,0.073909,,,
01:40:44.376,78.8,80,752.8,0.0,0.042506,,,
01:40:44.418,79.1,80,755.0,0.0,0.042387,,,
01:40:44.461,79.5,80,757.2,0.0,0.042264,,,
01:40:44.503,79.5,80,758.1,0.0,0.042211,,,
01:40:44.505,,,,,,True,1,
01:40:44.535,79.6,80,276.0,242.416987,0.0,,,
01:40:44.577,80.1,78,770.6,0.0,0.074136,,,
01:40:44.619,80.3,78,751.4,0.0,0.042586,,,
01:40:44.662,80.5,78,758.3,0.0,0.042201,,,
01:40:44.704,80.8,78,757.2,0.0,0.04226,,,
01:40:44.746,81.3,78,758.3,0.0,0.0422,,,
01:40:44.789,81.6,76,752.2,0.0,0.042541,,,
01:40:44.832,77.0,76,745.0,0.0,0.042952,,,
01:40:44.834,,,,,,True,1,
01:40:44.864,77.2,76,273.8,242.746102,0.0,,,
01:40:44.905,77.5,76,786.2,0.0,0.073572,,,
01:40:44.947,77.6,76,762.3,0.0,0.04198,,,
01:40:44.990,77.8,78,760.0,0.0,0.042105,,,
01:40:45.033,77.8,78,740.4,0.0,0.043219,,,
01:40:45.076,78.5,78,742.5,0.0,0.043095,,,
01:40:45.118,78.8,78,748.1,0.0,0.042774,,,
01:40:45.161,79.1,80,750.2,0.0,0.042657,,,
01:40:45.204,79.6,80,745.2,0.0,0.042942,,,
01:40:45.247,79.8,80,750.4,0.0,0.042644,,,
01:40:45.290,80.3,80,749.1,0.0,0.042716,,,
01:40:45.333,80.5,80,736.9,0.0,0.043425,,,
01:40:45.376,80.6,75,739.3,0.0,0.043283,,,
01:40:45.419,81.0,75,747.2,0.0,0.042824,,,
01:40:45.461,81.5,75,754.0,0.0,0.042439,,,
01:40:45.504,81.8,75,754.7,0.0,0.042399,,,
01:40:45.546,82.5,75,755.7,0.0,0.042345,,,
01:40:45.589,82.8,76,750.3,0.0,0.042651,,,
01:40:45.632,82.9,76,742.3,0.0,0.04311,,,
01:40:45.675,83.1,76,746.3,0.0,0.042879,,,
01:40:45.718,83.1,76,749.5,0.0,0.042697,,,
01:40:45.760,83.8,80,744.5,0.0,0.04298,,,
01:40:45.803,84.1,80,753.0,0.0,0.042495,,,
01:40:45.845,84.4,80,752.6,0.0,0.042521,,,
01:40:45.888,84.9,80,750.8,0.0,0.042623,,,
01:40:45.931,85.1,80,745.5,0.0,0.042925,,,
01:40:45.974,85.6,76,741.3,0.0,0.043167,,,
01:40:46.018,85.8,76,742.3,0.0,0.043111,,,
01:40:46.060,85.9,76,739.8,0.0,0.043256,,,
01:40:46.103,86.3,76,743.7,0.0,0.043031,,,
01:40:46.146,86.8,76,749.0,0.0,0.042721,,,
01:40:46.189,82.9,76,748.2,0.0,0.04277,,,
01:40:46.191,,,,,,True,1,
01:40:46.222,83.1,76,271.0,244.103777,0.0,,,
01:40:46.264,83.8,76,769.3,0.0,0.074805,,,
01:40:46.309,84.1,76,707.0,0.0,0.045263,,,
01:40:46.355,84.1,79,736.1,0.0,0.043474,,,
01:40:46.398,84.3,79,703.1,0.0,0.04551,,,
01:40:46.441,84.3,79,748.5,0.0,0.042753,,,
01:40:46.484,84.9,79,748.8,0.0,0.042736,,,
01:40:46.526,85.3,79,750.6,0.0,0.04263,,,
01:40:46.569,85.8,77,747.2,0.0,0.042824,,,
01:40:46.613,81.0,77,737.2,0.0,0.043409,,,
01:40:46.615,,,,,,True,1,
01:40:46.645,81.1,77,271.0,244.527157,0.0,,,
01:40:46.687,81.3,77,770.9,0.0,0.074716,,,
01:40:46.730,81.8,77,746.8,0.0,0.042848,,,
01:40:46.773,82.0,77,749.9,0.0,0.042675,,,
01:40:46.816,82.1,77,747.7,0.0,0.042795,,,
01:40:46.858,82.3,77,746.2,0.0,0.042885,,,
01:40:46.901,82.8,77,746.0,0.0,0.042896,,,
01:40:46.945,82.5,77,741.1,0.0,0.043176,,,
01:40:46.947,,,,,,True,1,
01:40:46.977,82.6,76,275.7,244.858576,0.0,,,
01:40:47.019,83.4,76,768.5,0.0,0.074289,,,
01:40:47.061,83.6,76,747.6,0.0,0.042802,,,
01:40:47.105,83.6,76,743.9,0.0,0.043016,,,
01:40:47.147,83.8,76,747.6,0.0,0.042806,,,
01:40:47.190,83.8,78,746.9,0.0,0.042842,,,
01:40:47.233,83.3,78,746.7,0.0,0.042856,,,
01:40:47.235,,,,,,True,1,
01:40:47.265,83.4,78,273.7,245.147407,0.0,,,
01:40:47.307,83.6,78,771.0,0.0,0.074393,,,
01:40:47.351,84.3,78,741.1,0.0,0.043176,,,
01:40:47.394,84.8,80,740.9,0.0,0.04319,,,
01:40:47.437,84.9,80,740.9,0.0,0.043188,,,
01:40:47.480,80.1,80,736.2,0.0,0.043464,,,
01:40:47.483,,,,,,True,1,
01:40:47.513,80.3,80,277.3,245.39437,0.0,,,
01:40:47.555,80.5,79,768.5,0.0,0.074094,,,
01:40:47.597,80.6,79,746.2,0.0,0.042886,,,
01:40:47.640,81.0,79,751.6,0.0,0.042573,,,
01:40:47.682,81.5,79,753.6,0.0,0.042465,,,
01:40:47.725,81.6,79,756.7,0.0,0.04229,,,
01:40:47.767,82.5,77,755.5,0.0,0.042357,,,
01:40:47.810,82.6,77,749.6,0.0,0.042691,,,
01:40:47.853,82.8,77,744.3,0.0,0.042993,,,
01:40:47.896,82.9,77,751.6,0.0,0.042576,,,
01:40:47.938,82.9,77,744.6,0.0,0.042974,,,
01:40:47.981,83.6,76,749.5,0.0,0.042693,,,
01:40:48.024,83.8,76,740.8,0.0,0.043197,,,
01:40:48.068,84.4,76,738.7,0.0,0.043317,,,
01:40:48.111,84.9,76,744.3,0.0,0.042996,,,
01:40:48.155,85.1,79,736.9,0.0,0.043423,,,
01:40:48.198,85.6,79,726.8,0.0,0.044028,,,
01:40:48.241,85.8,79,746.8,0.0,0.04285,,,
01:40:48.284,85.9,79,748.9,0.0,0.042728,,,
01:40:48.327,83.9,79,743.6,0.0,0.043033,,,
01:40:48.329,,,,,,True,1,
01:40:48.359,84.1,77,273.7,246.24094,0.0,,,
01:40:48.401,84.6,77,769.5,0.0,0.074464,,,
01:40:48.444,84.8,77,750.1,0.0,0.04266,,,
01:40:48.487,80.3,77,748.7,0.0,0.042742,,,
01:40:48.489,,,,,,True,1,
01:40:48.519,80.5,77,275.3,246.400598,0.0,,,
01:40:48.560,80.6,80,776.5,0.0,0.073903,,,
01:40:48.603,80.8,80,755.0,0.0,0.042386,,,
01:40:48.645,81.0,80,754.6,0.0,0.042407,,,
01:40:48.689,77.3,80,744.0,0.0,0.043011,,,
01:40:48.691,,,,,,True,1,
01:40:48.722,77.5,80,265.7,246.603461,0.0,,,
01:40:48.763,78.1,78,777.5,0.0,0.075024,,,
01:40:48.805,78.3,78,758.6,0.0,0.042183,,,
01:40:48.848,78.8,78,759.3,0.0,0.042145,,,
01:40:48.890,79.5,78,754.6,0.0,0.042409,,,
01:40:48.933,79.6,78,750.6,0.0,0.042631,,,
01:40:48.976,80.1,76,744.5,0.0,0.042984,,,
01:40:49.018,80.3,76,745.9,0.0,0.042899,,,
01:40:49.061,80.6,76,752.3,0.0,0.042535,,,
01:40:49.104,78.5,76,754.1,0.0,0.042432,,,
01:40:49.106,,,,,,True,1,
01:40:49.136,78.6,76,276.3,247.017395,0.0,,,
01:40:49.178,79.1,78,771.4,0.0,0.074057,,,
01:40:49.220,79.3,78,746.4,0.0,0.042875,,,
01:40:49.263,80.0,78,750.7,0.0,0.042626,,,
01:40:49.306,80.1,78,749.7,0.0,0.042685,,,
01:40:49.351,80.3,78,710.4,0.0,0.045043,,,
01:40:49.396,80.5,76,719.1,0.0,0.044502,,,
01:40:49.438,80.5,76,741.0,0.0,0.043186,,,
01:40:49.481,81.1,76,746.8,0.0,0.042848,,,
01:40:49.524,81.3,76,754.2,0.0,0.042427,,,
01:40:49.566,81.8,77,752.9,0.0,0.042501,,,
01:40:49.609,82.5,77,751.0,0.0,0.04261,,,
01:40:49.652,82.6,77,746.5,0.0,0.042866,,,
01:40:49.695,83.1,77,745.3,0.0,0.042938,,,
01:40:49.737,83.3,77,748.8,0.0,0.042732,,,
01:40:49.780,83.6,76,753.8,0.0,0.042454,,,
01:40:49.822,83.9,76,753.2,0.0,0.042485,,,
01:40:49.865,84.4,76,749.9,0.0,0.042672,,,
01:40:49.907,84.6,76,753.9,0.0,0.042443,,,
01:40:49.951,85.3,76,742.5,0.0,0.0431,,,
01:40:49.994,85.4,78,737.1,0.0,0.043412,,,
01:40:50.038,85.6,78,731.3,0.0,0.04376,,,
01:40:50.081,80.5,78,747.1,0.0,0.042832,,,
01:40:50.083,,,,,,True,1,
01:40:50.113,80.6,78,276.5,247.994401,0.0,,,
01:40:50.155,80.6,80,762.4,0.0,0.074517,,,
01:40:50.198,81.3,80,738.1,0.0,0.043353,,,
01:40:50.242,76.2,80,735.8,0.0,0.043489,,,
01:40:50.244,,,,,,True,1,
01:40:50.275,76.3,80,270.9,248.156419,0.0,,,
01:40:50.317,76.8,80,767.1,0.0,0.074938,,,
01:40:50.359,77.3,77,755.1,0.0,0.042381,,,
01:40:50.402,77.5,77,745.2,0.0,0.042942,,,
01:40:50.446,78.0,77,729.2,0.0,0.043883,,,
01:40:50.489,78.1,77,755.0,0.0,0.042386,,,
01:40:50.531,78.5,77,749.4,0.0,0.042698,,,
01:40:50.574,78.8,74,750.8,0.0,0.042619,,,
01:40:50.616,79.5,74,757.8,0.0,0.042228,,,
01:40:50.658,79.6,74,753.1,0.0,0.042492,,,
01:40:50.701,80.3,74,755.2,0.0,0.042371,,,
01:40:50.743,80.5,74,757.5,0.0,0.042242,,,
01:40:50.785,80.6,76,759.2,0.0,0.042149,,,
01:40:50.828,80.8,76,755.3,0.0,0.042367,,,
01:40:50.870,80.8,76,751.0,0.0,0.04261,,,
01:40:50.914,81.5,76,743.6,0.0,0.043036,,,
01:40:50.957,80.6,80,742.9,0.0,0.043074,,,
01:40:50.959,,,,,,True,1,
01:40:50.989,80.8,80,273.1,248.870546,0.0,,,
01:40:51.031,81.3,80,769.2,0.0,0.07456,,,
01:40:51.074,81.8,80,745.1,0.0,0.042945,,,
01:40:51.117,76.7,80,742.3,0.0,0.043107,,,
01:40:51.119,,,,,,True,1,
01:40:51.149,76.8,80,276.7,249.030712,0.0,,,
01:40:51.192,77.3,76,755.6,0.0,0.074881,,,
01:40:51.235,77.5,76,751.0,0.0,0.042609,,,
01:40:51.277,76.7,76,749.1,0.0,0.042717,,,
01:40:51.279,,,,,,True,1,
01:40:51.309,76.8,76,276.7,249.190893,0.0,,,
01:40:51.354,77.2,78,738.1,0.0,0.075876,,,
01:40:51.397,76.0,78,736.4,0.0,0.043456,,,
01:40:51.399,,,,,,True,1,
01:40:51.429,76.2,78,270.2,249.310995,0.0,,,
01:40:51.471,76.3,78,776.6,0.0,0.074513,,,
01:40:51.513,76.8,78,757.0,0.0,0.042274,,,
01:40:51.556,77.2,78,756.7,0.0,0.04229,,,
01:40:51.598,77.2,78,758.8,0.0,0.042172,,,
01:40:51.640,72.0,78,759.1,0.0,0.042154,,,
01:40:51.642,,,,,,True,1,
01:40:51.672,72.2,78,275.7,249.553718,0.0,,,
01:40:51.714,72.4,78,780.0,0.0,0.073673,,,
01:40:51.756,73.0,78,763.1,0.0,0.041933,,,
01:40:51.797,73.3,78,761.9,0.0,0.042002,,,
01:40:51.839,72.2,78,764.4,0.0,0.041864,,,
01:40:51.841,,,,,,True,1,
01:40:51.872,72.4,78,276.8,249.753046,0.0,,,
01:40:51.915,72.5,78,743.7,0.0,0.075547,,,
01:40:51.957,67.4,77,755.9,0.0,0.042336,,,
01:40:51.959,,,,,,True,1,
01:40:51.990,67.5,77,275.4,249.871073,0.0,,,
01:40:52.031,68.0,77,782.5,0.0,0.073575,,,
01:40:52.073,68.4,77,762.5,0.0,0.04197,,,
01:40:52.115,68.5,77,761.0,0.0,0.042053,,,
01:40:52.157,68.9,77,766.7,0.0,0.041738,,,
01:40:52.198,69.4,77,772.0,0.0,0.041451,,,
01:40:52.239,69.7,77,773.7,0.0,0.041358,,,
01:40:52.281,68.9,77,772.4,0.0,0.041429,,,
01:40:52.283,,,,,,True,1,
01:40:52.313,69.0,77,276.9,250.194447,0.0,,,
01:40:52.354,69.5,78,788.9,0.0,0.073063,,,
01:40:52.396,69.5,78,768.7,0.0,0.04163,,,
01:40:52.437,69.7,78,760.2,0.0,0.042092,,,
01:40:52.479,69.9,78,771.3,0.0,0.04149,,,
01:40:52.520,70.5,78,774.4,0.0,0.04132,,,
01:40:52.562,70.9,77,772.0,0.0,0.041452,,,
01:40:52.603,71.2,77,768.9,0.0,0.041616,,,
01:40:52.645,71.5,77,768.8,0.0,0.041623,,,
01:40:52.687,66.4,77,766.8,0.0,0.041732,,,
01:40:52.689,,,,,,True,1,
01:40:52.719,66.6,77,271.2,250.601137,0.0,,,
01:40:52.760,67.1,78,801.2,0.0,0.073129,,,
01:40:52.801,67.4,78,774.5,0.0,0.041316,,,
01:40:52.843,67.5,78,773.6,0.0,0.041364,,,
01:40:52.884,67.9,78,777.9,0.0,0.041137,,,
01:40:52.925,68.2,78,770.8,0.0,0.041514,,,
01:40:52.967,68.5,76,771.2,0.0,0.041496,,,
01:40:53.009,69.0,76,761.6,0.0,0.042016,,,
01:40:53.051,69.7,76,766.3,0.0,0.04176,,,
01:40:53.092,69.7,76,769.4,0.0,0.041592,,,
01:40:53.134,69.9,76,764.3,0.0,0.041869,,,
01:40:53.176,70.0,75,760.0,0.0,0.042105,,,
01:40:53.217,70.7,75,773.3,0.0,0.041379,,,
01:40:53.259,71.0,75,772.4,0.0,0.041431,,,
01:40:53.300,71.4,75,770.1,0.0,0.041554,,,
01:40:53.343,71.7,75,756.7,0.0,0.042287,,,
01:40:53.385,71.9,76,753.1,0.0,0.042492,,,
01:40:53.428,72.4,76,747.9,0.0,0.042786,,,
01:40:53.469,67.4,76,778.9,0.0,0.041081,,,
01:40:53.472,,,,,,True,1,
01:40:53.502,67.5,76,268.8,251.38369,0.0,,,
01:40:53.543,67.7,76,784.4,0.0,0.074274,,,
01:40:53.585,68.0,77,764.6,0.0,0.041852,,,
01:40:53.629,68.4,77,733.7,0.0,0.043617,,,
01:40:53.672,68.7,77,746.4,0.0,0.042872,,,
01:40:53.714,69.0,77,758.6,0.0,0.042186,,,
01:40:53.756,69.7,78,759.5,0.0,0.042133,,,
01:40:53.797,69.7,78,770.6,0.0,0.041526,,,
01:40:53.839,70.0,78,769.8,0.0,0.041572,,,
01:40:53.881,70.2,78,768.0,0.0,0.041669,,,
01:40:53.923,70.2,78,766.9,0.0,0.041728,,,
01:40:53.925,,,,,,True,1,
01:40:53.955,70.4,76,273.7,251.83651,0.0,,,
01:40:53.996,70.7,76,789.2,0.0,0.073432,,,
01:40:54.038,71.0,76,765.9,0.0,0.04178,,,
01:40:54.079,71.4,76,766.3,0.0,0.04176,,,
01:40:54.121,71.5,76,767.0,0.0,0.041721,,,
01:40:54.163,72.0,78,771.7,0.0,0.041469,,,
01:40:54.204,72.4,78,770.2,0.0,0.041549,,,
01:40:54.246,72.5,78,767.9,0.0,0.041674,,,
01:40:54.288,73.0,78,760.6,0.0,0.042075,,,
01:40:54.330,73.3,78,761.2,0.0,0.042037,,,
01:40:54.373,73.7,76,755.2,0.0,0.042372,,,
01:40:54.415,74.0,76,762.1,0.0,0.041987,,,
01:40:54.457,74.5,76,758.2,0.0,0.042205,,,
01:40:54.498,69.2,76,765.4,0.0,0.041809,,,
01:40:54.500,,,,,,True,1,
01:40:54.531,69.4,76,275.4,252.41216,0.0,,,
01:40:54.572,69.7,78,785.2,0.0,0.073442,,,
01:40:54.614,69.9,78,768.1,0.0,0.041663,,,
01:40:54.655,70.5,78,765.9,0.0,0.041779,,,
01:40:54.697,70.9,78,771.1,0.0,0.041499,,,
01:40:54.738,71.0,78,772.6,0.0,0.041416,,,
01:40:54.780,70.2,77,771.9,0.0,0.041456,,,
01:40:54.782,,,,,,True,1,
01:40:54.812,70.4,77,278.1,252.693077,0.0,,,
01:40:54.853,70.5,77,788.3,0.0,0.072963,,,
01:40:54.895,71.2,77,764.0,0.0,0.041887,,,
01:40:54.937,71.5,77,759.2,0.0,0.042151,,,
01:40:54.978,71.7,78,768.9,0.0,0.041617,,,
01:40:55.020,72.2,78,767.5,0.0,0.041692,,,
01:40:55.062,70.2,78,766.8,0.0,0.041734,,,
01:40:55.064,,,,,,True,2,
01:40:55.094,70.5,78,551.7,252.97536,0.0,,,
01:40:55.135,70.9,78,782.4,0.0,0.073528,,,
01:40:55.177,71.4,78,762.6,0.0,0.041962,,,
01:40:55.219,71.9,78,769.5,0.0,0.041588,,,
01:40:55.260,71.9,78,766.8,0.0,0.04173,,,
01:40:55.302,72.2,78,769.1,0.0,0.041609,,,
01:40:55.344,72.4,78,764.9,0.0,0.041836,,,
01:40:55.386,67.7,76,759.3,0.0,0.042145,,,
01:40:55.389,,,,,,True,1,
01:40:55.419,67.9,76,267.8,253.300697,0.0,,,
01:40:55.460,68.5,76,793.3,0.0,0.073941,,,
01:40:55.502,68.7,76,771.5,0.0,0.04148,,,
01:40:55.543,64.2,76,771.5,0.0,0.041478,,,
01:40:55.545,,,,,,True,1,
01:40:55.575,64.4,78,277.6,253.456399,0.0,,,
01:40:55.615,64.6,78,803.1,0.0,0.072268,,,
01:40:55.656,65.1,78,781.7,0.0,0.040939,,,
01:40:55.697,65.2,78,780.0,0.0,0.041025,,,
01:40:55.738,65.4,78,777.7,0.0,0.041149,,,
01:40:55.969,66.1,13,139.1,0.0,0.23007,,,
01:40:56.011,66.1,13,756.7,0.0,0.042286,,,
01:40:56.053,66.4,13,764.9,0.0,0.041833,,,
01:40:56.095,67.1,13,763.8,0.0,0.041894,,,
01:40:56.136,67.5,13,764.4,0.0,0.041864,,,
01:40:56.178,67.1,67,775.5,0.0,0.041264,,,
01:40:56.180,,,,,,True,1,
01:40:56.210,67.2,67,277.5,254.090977,0.0,,,
01:40:56.251,67.1,67,788.6,0.0,0.073011,,,
01:40:56.252,,,,,,True,1,
01:40:56.283,67.2,67,276.9,254.164041,0.0,,,
01:40:56.323,67.4,67,794.1,0.0,0.072799,,,
01:40:56.365,67.9,80,774.7,0.0,0.041308,,,
01:40:56.406,68.5,80,768.9,0.0,0.04162,,,
01:40:56.448,68.7,80,769.2,0.0,0.041601,,,
01:40:56.490,69.0,80,762.0,0.0,0.041993,,,
01:40:56.532,69.2,80,762.4,0.0,0.041974,,,
01:40:56.574,66.6,75,770.4,0.0,0.041535,,,
01:40:56.576,,,,,,True,1,
01:40:56.606,66.7,75,274.0,254.487201,0.0,,,
01:40:56.646,61.8,75,796.1,0.0,0.073045,,,
01:40:56.648,,,,,,True,1,
01:40:56.678,61.9,75,282.0,254.559295,0.0,,,
01:40:56.718,62.1,75,810.8,0.0,0.071385,,,
01:40:56.758,62.7,81,785.7,0.0,0.040726,,,
01:40:56.799,62.7,81,783.7,0.0,0.040832,,,
01:40:56.840,61.9,81,785.9,0.0,0.04072,,,
01:40:56.842,,,,,,True,1,
01:40:56.872,62.1,81,278.8,254.753306,0.0,,,
01:40:56.913,62.4,81,801.9,0.0,0.072192,,,
01:40:56.954,62.9,79,764.1,0.0,0.04188,,,
01:40:56.996,63.1,79,766.0,0.0,0.041773,,,
01:40:57.037,63.6,79,775.4,0.0,0.041266,,,
01:40:57.078,63.7,79,777.2,0.0,0.041171,,,
01:40:57.120,64.1,79,774.7,0.0,0.041306,,,
01:40:57.161,64.7,76,778.4,0.0,0.041107,,,
01:40:57.202,65.1,76,781.6,0.0,0.04094,,,
01:40:57.243,65.2,76,778.8,0.0,0.041089,,,
01:40:57.284,65.4,76,778.5,0.0,0.041106,,,
01:40:57.325,65.9,76,770.5,0.0,0.041532,,,
01:40:57.367,66.2,76,771.4,0.0,0.041482,,,
01:40:57.409,66.4,76,766.4,0.0,0.041754,,,
01:40:57.451,67.1,76,760.6,0.0,0.04207,,,
01:40:57.493,67.1,76,767.4,0.0,0.041701,,,
01:40:57.534,67.4,76,762.6,0.0,0.041961,,,
01:40:57.576,67.7,75,772.4,0.0,0.041427,,,
01:40:57.617,68.2,75,770.7,0.0,0.041521,,,
01:40:57.662,68.4,75,729.7,0.0,0.043852,,,
01:40:57.702,68.9,75,781.5,0.0,0.040945,,,
01:40:57.741,69.0,75,825.2,0.0,0.038778,,,
01:40:57.782,64.1,77,772.6,0.0,0.041421,,,
01:40:57.784,,,,,,True,1,
01:40:57.815,64.2,77,272.9,255.696258,0.0,,,
01:40:57.855,64.9,77,805.0,0.0,0.07273,,,
01:40:57.896,65.2,77,780.8,0.0,0.040986,,,
01:40:57.937,65.4,77,779.8,0.0,0.041038,,,
01:40:57.978,64.9,79,778.2,0.0,0.041121,,,
01:40:57.980,,,,,,True,1,
01:40:58.011,65.1,79,275.7,255.891778,0.0,,,
01:40:58.052,65.4,79,785.7,0.0,0.073369,,,
01:40:58.093,65.7,79,770.8,0.0,0.041513,,,
01:40:58.135,65.9,79,770.1,0.0,0.041551,,,
01:40:58.176,66.7,78,772.6,0.0,0.041418,,,
01:40:58.217,66.7,78,774.6,0.0,0.04131,,,
01:40:58.259,67.1,78,775.7,0.0,0.041253,,,
01:40:58.300,67.2,78,778.3,0.0,0.041114,,,
01:40:58.341,67.9,78,776.9,0.0,0.04119,,,
01:40:58.382,68.0,77,772.1,0.0,0.041445,,,
01:40:58.424,68.5,77,773.8,0.0,0.041355,,,
01:40:58.465,63.4,77,768.0,0.0,0.041667,,,
01:40:58.468,,,,,,True,1,
01:40:58.498,63.6,77,274.6,256.379081,0.0,,,
01:40:58.538,63.9,77,804.4,0.0,0.072556,,,
01:40:58.580,64.6,78,768.3,0.0,0.041648,,,
01:40:58.622,64.9,78,752.9,0.0,0.042505,,,
01:40:58.664,65.1,78,765.6,0.0,0.0418,,,
01:40:58.706,65.1,78,764.9,0.0,0.041836,,,
01:40:58.748,65.4,78,771.4,0.0,0.041485,,,
01:40:58.789,65.7,77,767.8,0.0,0.041678,,,
01:40:58.831,66.1,77,768.2,0.0,0.041658,,,
01:40:58.873,66.9,77,767.6,0.0,0.041687,,,
01:40:58.914,66.9,77,768.2,0.0,0.041653,,,
01:40:58.955,67.2,78,771.2,0.0,0.041492,,,
01:40:58.997,67.4,78,773.8,0.0,0.041356,,,
01:40:59.038,68.0,78,772.5,0.0,0.041426,,,
01:40:59.080,68.2,78,773.2,0.0,0.041386,,,
01:40:59.121,68.7,78,773.6,0.0,0.041367,,,
01:40:59.162,68.9,77,775.1,0.0,0.041285,,,
01:40:59.204,69.2,77,774.7,0.0,0.041309,,,
01:40:59.245,69.9,77,769.3,0.0,0.041595,,,
01:40:59.287,70.2,77,768.7,0.0,0.041627,,,
01:40:59.329,70.4,77,762.4,0.0,0.041975,,,
01:40:59.371,70.4,76,759.1,0.0,0.042154,,,
01:40:59.413,70.7,76,762.1,0.0,0.041988,,,
01:40:59.455,71.0,76,764.1,0.0,0.041878,,,
01:40:59.496,71.4,76,771.2,0.0,0.041491,,,
01:40:59.538,72.2,76,768.9,0.0,0.041617,,,
01:40:59.581,72.2,75,743.6,0.0,0.043032,,,
01:40:59.623,69.5,75,756.4,0.0,0.042305,,,
01:40:59.625,,,,,,True,1,
01:40:59.656,69.7,75,274.5,257.536865,0.0,,,
01:40:59.696,69.9,75,796.9,0.0,0.072948,,,
01:40:59.738,70.5,75,772.2,0.0,0.041442,,,
01:40:59.779,70.7,78,772.6,0.0,0.04142,,,
01:40:59.820,71.2,78,772.8,0.0,0.041408,,,
01:40:59.862,71.4,78,772.8,0.0,0.041406,,,
01:40:59.903,71.7,78,772.4,0.0,0.041429,,,
01:40:59.946,72.4,78,757.0,0.0,0.042274,,,
01:40:59.989,72.8,78,742.8,0.0,0.043082,,,
01:41:00.031,73.0,78,763.5,0.0,0.04191,,,
01:41:00.073,73.0,78,763.1,0.0,0.041935,,,
01:41:00.115,73.3,78,759.5,0.0,0.042133,,,
01:41:00.158,73.7,79,741.7,0.0,0.043143,,,
01:41:00.200,68.7,79,754.2,0.0,0.04243,,,
01:41:00.202,,,,,,True,1,
01:41:00.233,68.9,79,273.4,258.113932,0.0,,,
01:41:00.274,69.5,79,774.4,0.0,0.074244,,,
01:41:00.316,64.2,79,763.0,0.0,0.041937,,,
01:41:00.319,,,,,,True,1,
01:41:00.351,64.4,76,274.7,258.229939,0.0,,,
01:41:00.392,64.7,76,758.2,0.0,0.07497,,,
01:41:00.433,64.9,76,770.4,0.0,0.041536,,,
01:41:00.474,65.4,76,773.8,0.0,0.041357,,,
01:41:00.515,65.6,76,780.1,0.0,0.041022,,,
01:41:00.556,65.9,77,781.6,0.0,0.04094,,,
01:41:00.597,66.2,77,780.0,0.0,0.041027,,,
01:41:00.638,66.4,77,779.8,0.0,0.041038,,,
01:41:00.640,,,,,,True,1,
01:41:00.671,66.6,77,277.3,258.551496,0.0,,,
01:41:00.711,67.2,77,793.3,0.0,0.072792,,,
01:41:00.753,67.7,79,770.0,0.0,0.041559,,,
01:41:00.795,67.9,79,763.0,0.0,0.04194,,,
01:41:00.836,67.9,79,771.7,0.0,0.041466,,,
01:41:00.877,68.2,79,776.6,0.0,0.041207,,,
01:41:00.918,68.5,79,775.4,0.0,0.041268,,,
01:41:00.960,68.9,76,774.4,0.0,0.041321,,,
01:41:01.001,69.7,76,772.2,0.0,0.041441,,,
01:41:01.043,69.7,76,771.6,0.0,0.041475,,,
01:41:01.085,70.0,76,768.5,0.0,0.04164,,,
01:41:01.127,70.2,76,757.1,0.0,0.042265,,,
01:41:01.169,70.7,76,760.6,0.0,0.042075,,,
01:41:01.211,70.9,76,762.0,0.0,0.041994,,,
01:41:01.253,71.2,76,765.9,0.0,0.041783,,,
01:41:01.294,71.5,76,765.9,0.0,0.04178,,,
01:41:01.336,71.9,76,770.4,0.0,0.041537,,,
01:41:01.378,70.0,76,766.5,0.0,0.041747,,,
01:41:01.380,,,,,,True,1,
01:41:01.411,70.2,76,270.6,259.291577,0.0,,,
01:41:01.452,70.7,76,786.5,0.0,0.073946,,,
01:41:01.494,70.9,76,751.5,0.0,0.04258,,,
01:41:01.536,69.5,76,763.1,0.0,0.041932,,,
01:41:01.538,,,,,,True,1,
01:41:01.568,69.7,77,276.8,259.449275,0.0,,,
01:41:01.609,70.0,77,786.1,0.0,0.073222,,,
01:41:01.652,70.4,77,762.1,0.0,0.041991,,,
01:41:01.694,70.7,77,750.2,0.0,0.042658,,,
01:41:01.739,71.5,77,716.5,0.0,0.044662,,,
01:41:01.781,71.7,75,748.2,0.0,0.042771,,,
01:41:01.824,72.0,75,755.7,0.0,0.042345,,,
01:41:01.867,72.2,75,749.6,0.0,0.042689,,,
01:41:01.909,72.7,75,750.7,0.0,0.042625,,,
01:41:01.951,72.8,79,759.9,0.0,0.042112,,,
01:41:01.994,73.2,79,747.9,0.0,0.042786,,,
01:41:02.036,73.5,79,760.6,0.0,0.04207,,,
01:41:02.079,72.7,79,752.0,0.0,0.042554,,,
01:41:02.081,,,,,,True,1,
01:41:02.111,72.8,79,273.8,259.992092,0.0,,,
01:41:02.152,73.5,78,798.8,0.0,0.072928,,,
01:41:02.194,73.8,78,758.3,0.0,0.042199,,,
01:41:02.236,74.0,78,763.6,0.0,0.041908,,,
01:41:02.277,74.0,78,767.6,0.0,0.041688,,,
01:41:02.319,74.3,78,758.2,0.0,0.042207,,,
01:41:02.361,74.7,76,762.4,0.0,0.041975,,,
01:41:02.403,75.0,76,765.9,0.0,0.041783,,,
01:41:02.445,76.0,76,757.1,0.0,0.042267,,,
01:41:02.488,76.2,76,757.7,0.0,0.042233,,,
01:41:02.530,76.5,76,760.8,0.0,0.042061,,,
01:41:02.573,76.7,76,753.4,0.0,0.042476,,,
01:41:02.615,77.0,76,749.0,0.0,0.042724,,,
01:41:02.657,77.2,76,761.6,0.0,0.042017,,,
01:41:02.699,77.5,76,762.1,0.0,0.041987,,,
01:41:02.741,77.8,76,761.5,0.0,0.042023,,,
01:41:02.784,72.8,76,759.5,0.0,0.04213,,,
01:41:02.786,,,,,,True,1,
01:41:02.816,73.0,76,269.0,260.697243,0.0,,,
01:41:02.857,73.7,76,788.8,0.0,0.074027,,,
01:41:02.899,74.0,76,763.0,0.0,0.041938,,,
01:41:02.941,74.2,76,757.8,0.0,0.042228,,,
01:41:02.984,74.2,78,760.3,0.0,0.04209,,,
01:41:03.026,74.3,78,749.2,0.0,0.042715,,,
01:41:03.069,74.7,78,756.1,0.0,0.042324,,,
01:41:03.111,75.0,78,753.6,0.0,0.042463,,,
01:41:03.153,76.2,80,751.4,0.0,0.042587,,,
01:41:03.195,76.3,80,764.0,0.0,0.041887,,,
01:41:03.237,76.7,80,765.5,0.0,0.041802,,,
01:41:03.279,76.8,80,761.0,0.0,0.042052,,,
01:41:03.323,77.2,80,738.9,0.0,0.043308,,,
01:41:03.366,77.3,76,744.1,0.0,0.043005,,,
01:41:03.409,77.6,76,742.4,0.0,0.043101,,,
01:41:03.452,78.0,76,747.1,0.0,0.042835,,,
01:41:03.494,78.3,76,745.4,0.0,0.042932,,,
01:41:03.537,79.0,76,747.6,0.0,0.042805,,,
01:41:03.580,79.3,75,755.0,0.0,0.042386,,,
01:41:03.623,79.5,75,740.1,0.0,0.043238,,,
01:41:03.667,74.2,75,729.5,0.0,0.043868,,,
01:41:03.670,,,,,,True,1,
01:41:03.700,74.3,75,263.3,261.581531,0.0,,,
01:41:03.742,74.5,75,781.1,0.0,0.075151,,,
01:41:03.784,74.8,76,751.1,0.0,0.042606,,,
01:41:03.827,75.2,76,755.3,0.0,0.042365,,,
01:41:03.870,76.3,76,749.1,0.0,0.042716,,,
01:41:03.912,76.5,76,753.3,0.0,0.042479,,,
01:41:03.956,73.8,80,728.1,0.0,0.043948,,,
01:41:03.959,,,,,,True,1,
01:41:03.990,74.0,80,264.7,261.870599,0.0,,,
01:41:04.032,74.2,80,774.5,0.0,0.075319,,,
01:41:04.074,74.7,80,749.7,0.0,0.042685,,,
01:41:04.117,74.8,80,740.1,0.0,0.043236,,,
01:41:04.159,75.2,76,758.0,0.0,0.042218,,,
01:41:04.202,75.5,76,754.7,0.0,0.042403,,,
01:41:04.244,75.8,76,756.0,0.0,0.042325,,,
01:41:04.286,76.3,76,759.8,0.0,0.042114,,,
01:41:04.329,76.8,76,751.7,0.0,0.042571,,,
01:41:04.372,77.0,75,754.6,0.0,0.042408,,,
01:41:04.414,77.0,75,745.0,0.0,0.042955,,,
01:41:04.457,71.9,75,756.8,0.0,0.042285,,,
01:41:04.459,,,,,,True,1,
01:41:04.489,72.0,75,277.0,262.369591,0.0,,,
01:41:04.530,67.1,75,778.0,0.0,0.073624,,,
01:41:04.532,,,,,,True,1,
01:41:04.562,67.2,78,278.1,262.443062,0.0,,,
01:41:04.602,67.5,78,798.0,0.0,0.072456,,,
01:41:04.644,68.7,78,769.8,0.0,0.041571,,,
01:41:04.686,68.9,78,769.5,0.0,0.041584,,,
01:41:04.728,68.9,78,757.1,0.0,0.042268,,,
01:41:04.770,68.9,77,767.8,0.0,0.041678,,,
01:41:04.812,69.4,77,769.2,0.0,0.041602,,,
01:41:04.853,69.7,77,763.3,0.0,0.041921,,,
01:41:04.895,67.2,77,773.6,0.0,0.041367,,,
01:41:04.897,,,,,,True,1,
01:41:04.927,67.4,77,276.9,262.80763,0.0,,,
01:41:04.968,67.7,78,782.6,0.0,0.073385,,,
01:41:05.010,68.0,78,764.2,0.0,0.041872,,,
01:41:05.052,68.5,78,764.0,0.0,0.041886,,,
01:41:05.094,69.0,78,764.4,0.0,0.041865,,,
01:41:05.135,69.2,78,776.1,0.0,0.041231,,,
01:41:05.176,69.2,76,775.4,0.0,0.041271,,,
01:41:05.217,69.4,76,777.0,0.0,0.041185,,,
01:41:05.258,69.9,76,778.2,0.0,0.041121,,,
01:41:05.300,70.2,76,772.4,0.0,0.041432,,,
01:41:05.342,71.4,76,765.8,0.0,0.041786,,,
01:41:05.384,71.5,77,762.5,0.0,0.04197,,,
01:41:05.426,71.5,77,751.2,0.0,0.042597,,,
01:41:05.469,71.5,77,755.8,0.0,0.042341,,,
01:41:05.511,70.5,77,760.4,0.0,0.042085,,,
01:41:05.513,,,,,,True,1,
01:41:05.543,70.7,77,272.6,263.424155,0.0,,,
01:41:05.587,71.0,77,742.0,0.0,0.076139,,,
01:41:05.629,71.5,77,759.6,0.0,0.042127,,,
01:41:05.671,71.9,77,764.9,0.0,0.041838,,,
01:41:05.713,72.2,77,760.7,0.0,0.042068,,,
01:41:05.755,72.7,78,764.8,0.0,0.041843,,,
01:41:05.796,73.2,78,765.8,0.0,0.041789,,,
01:41:05.838,73.3,78,761.5,0.0,0.042022,,,
01:41:05.881,73.5,78,759.4,0.0,0.04214,,,
01:41:05.923,73.7,78,747.8,0.0,0.042794,,,
01:41:05.966,74.2,75,750.5,0.0,0.04264,,,
01:41:06.009,74.5,75,744.3,0.0,0.042992,,,
01:41:06.052,75.5,75,748.6,0.0,0.042744,,,
01:41:06.094,75.7,75,758.3,0.0,0.0422,,,
01:41:06.136,75.7,75,763.9,0.0,0.041891,,,
01:41:06.178,75.7,75,766.5,0.0,0.041748,,,
01:41:06.219,76.0,75,767.4,0.0,0.041698,,,
01:41:06.261,76.3,75,763.0,0.0,0.041939,,,
01:41:06.304,76.8,75,751.6,0.0,0.042574,,,
01:41:06.349,77.2,79,747.1,0.0,0.042834,,,
01:41:06.391,77.5,79,728.5,0.0,0.043926,,,
01:41:06.433,78.0,79,754.9,0.0,0.042387,,,
01:41:06.475,78.5,79,761.1,0.0,0.042046,,,
01:41:06.517,73.3,79,757.9,0.0,0.04222,,,
01:41:06.519,,,,,,True,1,
01:41:06.550,73.5,77,274.7,264.430482,0.0,,,
01:41:06.591,73.7,77,784.9,0.0,0.073534,,,
01:41:06.632,73.8,77,764.8,0.0,0.041844,,,
01:41:06.674,70.2,77,767.3,0.0,0.041703,,,
01:41:06.676,,,,,,True,1,
01:41:06.706,70.4,77,278.4,264.587106,0.0,,,
01:41:06.749,70.7,79,783.1,0.0,0.073193,,,
01:41:06.791,71.5,79,740.7,0.0,0.043205,,,
01:41:06.833,70.2,79,763.2,0.0,0.041929,,,
01:41:06.835,,,,,,True,1,
01:41:06.865,70.4,79,278.4,264.745416,0.0,,,
01:41:06.906,70.4,79,787.9,0.0,0.072944,,,
01:41:06.949,70.5,77,761.1,0.0,0.042043,,,
01:41:06.991,70.9,77,743.6,0.0,0.043032,,,
01:41:07.033,71.2,77,749.4,0.0,0.0427,,,
01:41:07.075,71.9,77,760.5,0.0,0.042077,,,
01:41:07.117,72.2,77,762.8,0.0,0.041951,,,
01:41:07.159,72.4,76,768.2,0.0,0.041654,,,
01:41:07.201,73.0,76,767.6,0.0,0.041687,,,
01:41:07.243,73.5,76,759.7,0.0,0.042123,,,
01:41:07.285,73.7,76,756.8,0.0,0.042285,,,
01:41:07.328,73.8,76,754.7,0.0,0.0424,,,
01:41:07.370,74.0,75,762.3,0.0,0.041981,,,
01:41:07.412,74.5,75,751.0,0.0,0.042608,,,
01:41:07.454,74.8,75,754.7,0.0,0.042402,,,
01:41:07.496,75.7,75,763.9,0.0,0.04189,,,
01:41:07.538,75.7,75,761.2,0.0,0.042037,,,
01:41:07.581,75.7,76,758.6,0.0,0.042184,,,
01:41:07.623,75.8,76,755.1,0.0,0.042376,,,
01:41:07.665,76.2,76,759.7,0.0,0.042124,,,
01:41:07.708,76.5,76,756.4,0.0,0.042304,,,
01:41:07.750,77.2,80,759.2,0.0,0.042149,,,
01:41:07.792,77.5,80,746.8,0.0,0.042852,,,
01:41:07.835,77.6,80,756.2,0.0,0.042316,,,
01:41:07.877,78.3,80,762.4,0.0,0.041971,,,
01:41:07.919,78.8,80,760.0,0.0,0.042103,,,
01:41:07.961,79.0,76,755.9,0.0,0.042336,,,
01:41:08.004,79.1,76,747.7,0.0,0.042796,,,
01:41:08.047,79.3,76,748.9,0.0,0.042732,,,
01:41:08.090,79.8,76,750.0,0.0,0.042664,,,
01:41:08.132,80.1,76,745.9,0.0,0.042899,,,
01:41:08.175,81.0,75,754.8,0.0,0.042396,,,
01:41:08.217,81.0,75,752.7,0.0,0.042514,,,
01:41:08.259,81.0,75,756.5,0.0,0.0423,,,
01:41:08.302,81.1,75,757.0,0.0,0.042271,,,
01:41:08.345,81.5,75,747.5,0.0,0.042807,,,
01:41:08.388,81.8,78,742.3,0.0,0.043108,,,
01:41:08.431,82.5,78,746.4,0.0,0.042871,,,
01:41:08.473,82.8,78,745.9,0.0,0.042898,,,
01:41:08.516,82.9,78,752.3,0.0,0.042535,,,
01:41:08.558,83.6,78,752.4,0.0,0.042531,,,
01:41:08.601,84.1,78,749.1,0.0,0.042719,,,
01:41:08.644,84.3,78,744.1,0.0,0.043007,,,
01:41:08.688,84.4,78,734.4,0.0,0.043573,,,
01:41:08.731,84.6,78,735.6,0.0,0.043502,,,
01:41:08.775,85.1,75,735.1,0.0,0.043529,,,
01:41:08.818,85.4,75,741.4,0.0,0.043161,,,
01:41:08.861,86.3,75,736.1,0.0,0.043472,,,
01:41:08.906,86.3,75,729.7,0.0,0.043852,,,
01:41:08.950,86.3,79,724.2,0.0,0.044184,,,
01:41:08.994,86.4,79,722.5,0.0,0.04429,,,
01:41:09.038,86.8,79,731.1,0.0,0.043768,,,
01:41:09.082,81.8,79,731.9,0.0,0.043722,,,
01:41:09.084,,,,,,True,1,
01:41:09.115,82.0,79,264.6,266.995707,0.0,,,
01:41:09.158,82.6,76,757.4,0.0,0.076256,,,
01:41:09.201,82.9,76,733.8,0.0,0.043608,,,
01:41:09.245,83.1,76,728.9,0.0,0.0439,,,
01:41:09.289,83.8,76,729.7,0.0,0.043852,,,
01:41:09.332,84.1,76,735.1,0.0,0.043529,,,
01:41:09.375,84.3,74,747.3,0.0,0.042822,,,
01:41:09.418,84.4,74,742.0,0.0,0.043124,,,
01:41:09.461,84.8,74,740.8,0.0,0.043197,,,
01:41:09.505,85.3,74,738.8,0.0,0.043311,,,
01:41:09.549,85.6,79,735.2,0.0,0.043527,,,
01:41:09.592,86.4,79,735.2,0.0,0.043525,,,
01:41:09.635,86.4,79,746.1,0.0,0.042888,,,
01:41:09.677,86.4,79,748.4,0.0,0.042758,,,
01:41:09.721,86.6,79,742.6,0.0,0.043091,,,
01:41:09.764,86.9,76,740.0,0.0,0.043244,,,
01:41:09.808,87.3,76,736.5,0.0,0.04345,,,
01:41:09.851,87.9,76,740.1,0.0,0.043238,,,
01:41:09.894,88.2,76,740.6,0.0,0.043209,,,
01:41:09.937,88.4,76,735.2,0.0,0.043526,,,
01:41:09.982,89.1,75,728.7,0.0,0.043913,,,
01:41:10.026,86.8,75,719.0,0.0,0.044503,,,
01:41:10.028,,,,,,True,1,
01:41:10.059,86.9,75,264.3,267.940205,0.0,,,
01:41:10.102,87.1,75,757.6,0.0,0.07629,,,
01:41:10.148,87.3,79,730.3,0.0,0.043816,,,
01:41:10.192,87.6,79,691.2,0.0,0.046296,,,
01:41:10.237,88.1,79,720.9,0.0,0.04439,,,
01:41:10.281,88.4,79,718.6,0.0,0.04453,,,
01:41:10.325,89.2,79,725.3,0.0,0.044119,,,
01:41:10.369,89.2,74,732.0,0.0,0.043718,,,
01:41:10.412,89.4,74,734.3,0.0,0.043578,,,
01:41:10.455,89.6,74,742.3,0.0,0.043112,,,
01:41:10.499,89.9,74,740.7,0.0,0.043202,,,
01:41:10.542,90.2,74,738.6,0.0,0.043323,,,
01:41:10.588,90.9,77,702.7,0.0,0.045536,,,
01:41:10.631,91.2,77,736.7,0.0,0.043437,,,
01:41:10.674,91.4,77,737.7,0.0,0.043381,,,
01:41:10.718,92.1,77,741.1,0.0,0.043179,,,
01:41:10.761,92.2,79,740.4,0.0,0.043218,,,
01:41:10.805,92.4,79,734.6,0.0,0.043561,,,
01:41:10.849,92.5,79,727.9,0.0,0.043962,,,
01:41:10.892,92.9,79,730.1,0.0,0.04383,,,
01:41:10.936,93.4,79,733.0,0.0,0.043653,,,
01:41:10.979,93.7,76,733.2,0.0,0.043642,,,
01:41:11.024,94.5,76,727.3,0.0,0.043998,,,
01:41:11.068,94.5,76,720.2,0.0,0.044431,,,
01:41:11.112,94.7,76,729.7,0.0,0.043853,,,
01:41:11.155,89.6,80,732.3,0.0,0.043697,,,
01:41:11.158,,,,,,True,1,
01:41:11.188,89.7,80,275.1,269.068601,0.0,,,
01:41:11.231,90.1,80,754.6,0.0,0.07512,,,
01:41:11.274,90.4,80,742.1,0.0,0.043123,,,
01:41:11.317,85.8,80,742.1,0.0,0.04312,,,
01:41:11.319,,,,,,True,1,
01:41:11.349,85.9,78,276.3,269.229801,0.0,,,
01:41:11.391,86.3,78,764.7,0.0,0.074415,,,
01:41:11.434,86.3,78,742.7,0.0,0.043088,,,
01:41:11.477,86.9,78,745.6,0.0,0.042916,,,
01:41:11.521,81.8,78,737.4,0.0,0.043397,,,
01:41:11.523,,,,,,True,1,
01:41:11.553,82.0,78,272.7,269.434036,0.0,,,
01:41:11.595,82.1,78,776.3,0.0,0.074227,,,
01:41:11.637,82.3,78,755.1,0.0,0.042379,,,
01:41:11.680,82.6,78,753.4,0.0,0.042472,,,
01:41:11.722,83.3,78,748.5,0.0,0.042754,,,
01:41:11.766,83.4,78,743.6,0.0,0.043036,,,
01:41:11.809,84.3,78,743.4,0.0,0.043047,,,
01:41:11.851,84.3,78,745.7,0.0,0.042913,,,
01:41:11.894,84.6,78,753.7,0.0,0.042458,,,
01:41:11.937,84.8,78,744.0,0.0,0.043012,,,
01:41:11.981,81.1,76,738.2,0.0,0.043347,,,
01:41:11.983,,,,,,True,1,
01:41:12.013,81.3,76,269.1,269.894102,0.0,,,
01:41:12.055,81.6,76,773.9,0.0,0.074798,,,
01:41:12.098,82.3,76,747.2,0.0,0.042828,,,
01:41:12.141,82.6,76,750.9,0.0,0.042618,,,
01:41:12.186,82.6,78,707.5,0.0,0.04523,,,
01:41:12.229,83.1,78,745.7,0.0,0.042911,,,
01:41:12.271,83.3,78,748.1,0.0,0.042777,,,
01:41:12.314,83.4,78,753.9,0.0,0.042449,,,
01:41:12.356,83.8,79,752.0,0.0,0.042552,,,
01:41:12.399,84.1,79,749.3,0.0,0.042705,,,
01:41:12.442,84.8,79,746.3,0.0,0.042881,,,
01:41:12.485,79.6,79,745.6,0.0,0.042921,,,
01:41:12.487,,,,,,True,1,
01:41:12.517,79.8,79,274.7,270.398066,0.0,,,
01:41:12.559,80.6,78,781.6,0.0,0.073701,,,
01:41:12.601,80.6,78,754.5,0.0,0.042413,,,
01:41:12.644,81.0,78,752.8,0.0,0.042508,,,
01:41:12.687,81.1,78,748.7,0.0,0.042741,,,
01:41:12.729,81.5,78,749.9,0.0,0.042672,,,
01:41:12.772,81.8,76,748.9,0.0,0.04273,,,
01:41:12.814,82.5,76,752.5,0.0,0.042527,,,
01:41:12.857,82.9,76,752.6,0.0,0.042519,,,
01:41:12.899,82.9,76,750.3,0.0,0.042647,,,
01:41:12.943,83.4,76,739.4,0.0,0.043281,,,
01:41:12.987,83.6,78,736.5,0.0,0.043451,,,
01:41:13.029,83.8,78,741.6,0.0,0.04315,,,
01:41:13.072,84.1,78,746.1,0.0,0.042889,,,
01:41:13.115,84.4,78,751.1,0.0,0.042605,,,
01:41:13.158,80.8,78,744.8,0.0,0.042965,,,
01:41:13.160,,,,,,True,1,
01:41:13.190,81.0,78,275.7,271.070718,0.0,,,
01:41:13.232,81.1,78,768.0,0.0,0.074304,,,
01:41:13.275,82.0,78,749.5,0.0,0.042694,,,
01:41:13.317,82.0,78,749.8,0.0,0.04268,,,
01:41:13.360,82.3,78,753.1,0.0,0.042493,,,
01:41:13.403,82.5,78,743.2,0.0,0.043057,,,
01:41:13.447,82.8,78,734.9,0.0,0.043544,,,
01:41:13.490,83.1,78,740.8,0.0,0.043196,,,
01:41:13.533,83.9,78,746.8,0.0,0.04285,,,
01:41:13.575,84.4,75,748.6,0.0,0.042744,,,
01:41:13.618,84.4,75,741.1,0.0,0.043182,,,
01:41:13.660,84.9,75,760.4,0.0,0.042085,,,
01:41:13.699,85.1,75,816.7,0.0,0.039182,,,
01:41:13.737,85.3,75,834.9,0.0,0.038326,,,
01:41:13.775,85.6,82,839.5,0.0,0.038117,,,
01:41:13.813,85.9,82,842.7,0.0,0.037973,,,
01:41:13.851,86.3,82,842.6,0.0,0.037978,,,
01:41:13.889,86.4,82,843.0,0.0,0.037959,,,
01:41:13.928,87.3,82,841.4,0.0,0.038032,,,
01:41:13.966,87.3,88,828.8,0.0,0.038608,,,
01:41:14.005,82.3,88,821.2,0.0,0.038969,,,
01:41:14.006,,,,,,True,1,
01:41:14.035,82.5,88,295.2,271.916522,0.0,,,
01:41:14.073,80.8,88,849.8,0.0,0.06814,,,
01:41:14.074,,,,,,True,1,
01:41:14.103,81.0,88,301.8,271.983979,0.0,,,
01:41:14.141,76.0,88,837.3,0.0,0.068039,,,
01:41:14.142,,,,,,True,1,
01:41:14.174,76.2,87,270.1,272.055493,0.0,,,
01:41:14.212,76.5,87,847.1,0.0,0.071093,,,
01:41:14.250,77.2,87,839.5,0.0,0.038118,,,
01:41:14.289,77.5,87,845.0,0.0,0.037871,,,
01:41:14.327,77.5,87,837.9,0.0,0.03819,,,
01:41:14.365,77.8,85,841.8,0.0,0.038015,,,
01:41:14.403,78.1,85,842.1,0.0,0.037999,,,
01:41:14.441,78.5,85,842.2,0.0,0.037997,,,
01:41:14.478,79.0,85,847.9,0.0,0.037739,,,
01:41:14.516,79.3,85,845.7,0.0,0.037838,,,
01:41:14.553,79.6,88,857.7,0.0,0.037311,,,
01:41:14.591,79.8,88,857.8,0.0,0.037303,,,
01:41:14.628,80.6,88,857.6,0.0,0.037315,,,
01:41:14.666,80.6,88,850.3,0.0,0.037635,,,
01:41:14.704,81.0,88,839.1,0.0,0.038135,,,
01:41:14.742,81.1,88,842.6,0.0,0.037977,,,
01:41:14.782,81.5,87,799.2,0.0,0.040038,,,
01:41:14.820,81.8,87,845.7,0.0,0.037839,,,
01:41:14.857,82.5,87,854.2,0.0,0.037461,,,
01:41:14.894,82.8,87,853.7,0.0,0.037486,,,
01:41:14.932,82.8,87,849.9,0.0,0.037651,,,
01:41:14.970,83.1,87,847.7,0.0,0.037751,,,
01:41:15.008,83.4,87,846.5,0.0,0.037802,,,
01:41:15.046,83.8,87,840.8,0.0,0.038058,,,
01:41:15.085,84.3,87,832.9,0.0,0.038419,,,
01:41:15.123,84.6,87,830.2,0.0,0.038547,,,
01:41:15.161,84.9,88,836.9,0.0,0.038235,,,
01:41:15.199,85.1,88,842.9,0.0,0.037964,,,
01:41:15.237,85.9,88,848.5,0.0,0.037715,,,
01:41:15.274,85.9,88,845.3,0.0,0.037857,,,
01:41:15.312,86.3,88,845.5,0.0,0.037846,,,
01:41:15.350,86.4,89,843.4,0.0,0.03794,,,
01:41:15.389,86.8,89,844.0,0.0,0.037916,,,
01:41:15.427,87.1,89,829.2,0.0,0.038593,,,
01:41:15.466,87.7,89,823.6,0.0,0.038854,,,
01:41:15.505,88.1,89,820.6,0.0,0.038996,,,
01:41:15.546,88.1,87,827.9,0.0,0.038653,,,
01:41:15.585,88.4,87,773.8,0.0,0.041353,,,
01:41:15.624,88.7,87,829.2,0.0,0.038589,,,
01:41:15.662,89.1,87,827.6,0.0,0.038665,,,
01:41:15.701,89.6,87,827.7,0.0,0.038661,,,
01:41:15.739,89.9,87,836.2,0.0,0.038269,,,
01:41:15.777,90.2,85,841.0,0.0,0.038052,,,
01:41:15.815,90.4,85,835.3,0.0,0.038311,,,
01:41:15.853,91.2,85,835.8,0.0,0.038286,,,
01:41:15.892,85.9,85,835.2,0.0,0.038312,,,
01:41:15.893,,,,,,True,1,
01:41:15.922,86.1,85,301.8,273.802635,0.0,,,
01:41:15.960,86.4,89,836.5,0.0,0.068078,,,
01:41:15.998,86.6,89,838.9,0.0,0.038147,,,
01:41:16.036,86.9,89,841.5,0.0,0.038025,,,
01:41:16.074,87.3,89,838.9,0.0,0.038143,,,
01:41:16.112,87.7,89,840.3,0.0,0.038082,,,
01:41:16.150,88.1,89,841.4,0.0,0.038033,,,
01:41:16.188,88.1,89,840.4,0.0,0.038077,,,
01:41:16.227,88.6,89,841.5,0.0,0.038029,,,
01:41:16.265,88.9,89,827.4,0.0,0.038673,,,
01:41:16.305,83.9,89,813.6,0.0,0.03933,,,
01:41:16.306,,,,,,True,1,
01:41:16.335,84.1,89,294.5,274.215974,0.0,,,
01:41:16.372,84.6,86,854.7,0.0,0.067999,,,
01:41:16.410,84.9,86,841.3,0.0,0.038037,,,
01:41:16.448,85.3,86,845.6,0.0,0.037845,,,
01:41:16.486,85.4,86,845.7,0.0,0.037839,,,
01:41:16.525,86.1,86,836.5,0.0,0.038255,,,
01:41:16.563,86.1,88,833.3,0.0,0.038404,,,
01:41:16.601,86.4,88,836.8,0.0,0.038243,,,
01:41:16.639,86.8,88,837.9,0.0,0.038191,,,
01:41:16.677,87.1,88,838.5,0.0,0.038162,,,
01:41:16.716,87.4,88,839.0,0.0,0.038141,,,
01:41:16.753,87.9,88,843.7,0.0,0.037929,,,
01:41:16.791,88.2,88,841.9,0.0,0.038011,,,
01:41:16.829,88.2,88,841.7,0.0,0.03802,,,
01:41:16.868,88.7,88,841.0,0.0,0.038051,,,
01:41:16.906,89.1,88,832.9,0.0,0.038418,,,
01:41:16.946,89.4,89,823.2,0.0,0.038872,,,
01:41:16.985,89.9,89,810.5,0.0,0.039484,,,
01:41:17.023,90.2,89,823.8,0.0,0.038845,,,
01:41:17.063,90.6,89,819.5,0.0,0.03905,,,
01:41:17.102,88.1,89,814.8,0.0,0.039273,,,
01:41:17.103,,,,,,True,1,
01:41:17.132,88.2,89,294.2,275.01306,0.0,,,
01:41:17.170,88.9,85,844.0,0.0,0.068513,,,
01:41:17.208,88.9,85,835.6,0.0,0.038294,,,
01:41:17.247,89.2,85,838.1,0.0,0.038183,,,
01:41:17.285,89.6,85,827.7,0.0,0.038663,,,
01:41:17.324,84.6,85,824.2,0.0,0.038824,,,
01:41:17.325,,,,,,True,1,
01:41:17.354,84.8,88,297.3,275.23517,0.0,,,
01:41:17.392,85.1,88,854.3,0.0,0.067728,,,
01:41:17.430,82.0,88,839.5,0.0,0.038117,,,
01:41:17.431,,,,,,True,1,
01:41:17.460,82.1,88,300.0,275.340724,0.0,,,
01:41:17.498,82.6,88,847.8,0.0,0.067745,,,
01:41:17.535,82.6,88,850.0,0.0,0.037647,,,
01:41:17.573,82.8,87,844.6,0.0,0.037887,,,
01:41:17.611,83.1,87,846.4,0.0,0.037808,,,
01:41:17.649,78.1,87,848.6,0.0,0.037711,,,
01:41:17.649,,,,,,True,1,
01:41:17.678,78.3,87,302.8,275.559227,0.0,,,
01:41:17.716,79.0,87,858.5,0.0,0.067002,,,
01:41:17.753,79.3,89,855.2,0.0,0.037419,,,
01:41:17.790,79.8,89,858.9,0.0,0.037257,,,
01:41:17.828,80.0,89,859.0,0.0,0.037253,,,
01:41:17.865,80.3,89,851.8,0.0,0.037569,,,
01:41:17.904,80.3,89,838.7,0.0,0.038153,,,
01:41:17.942,80.6,89,839.5,0.0,0.038117,,,
01:41:17.981,81.1,87,806.4,0.0,0.039684,,,
01:41:18.019,81.5,87,836.0,0.0,0.03828,,,
01:41:18.057,81.8,87,840.7,0.0,0.038065,,,
01:41:18.095,82.3,87,850.1,0.0,0.037643,,,
01:41:18.133,82.8,87,851.3,0.0,0.037589,,,
01:41:18.170,77.5,86,849.1,0.0,0.037686,,,
01:41:18.171,,,,,,True,1,
01:41:18.200,77.6,86,301.5,276.081048,0.0,,,
01:41:18.237,77.8,86,858.5,0.0,0.067126,,,
01:41:18.275,78.1,86,851.7,0.0,0.037571,,,
01:41:18.313,78.5,86,850.6,0.0,0.037618,,,
01:41:18.350,79.1,89,852.0,0.0,0.03756,,,
01:41:18.388,79.3,89,854.2,0.0,0.037464,,,
01:41:18.426,79.8,89,850.3,0.0,0.037632,,,
01:41:18.464,80.0,89,840.3,0.0,0.038083,,,
01:41:18.502,74.7,89,839.4,0.0,0.038123,,,
01:41:18.503,,,,,,True,2,
01:41:18.531,75.0,89,598.5,276.412429,0.0,,,
01:41:18.568,69.7,86,878.1,0.0,0.066515,,,
01:41:18.569,,,,,,True,1,
01:41:18.597,69.9,86,306.0,276.478251,0.0,,,
01:41:18.634,70.2,86,882.7,0.0,0.065667,,,
01:41:18.671,70.7,86,867.1,0.0,0.036906,,,
01:41:18.708,71.0,86,862.8,0.0,0.037087,,,
01:41:18.745,71.2,89,866.1,0.0,0.036946,,,
01:41:18.782,71.5,89,851.7,0.0,0.037573,,,
01:41:18.820,72.0,89,855.5,0.0,0.037407,,,
01:41:18.856,72.4,89,868.2,0.0,0.03686,,,
01:41:18.893,72.7,89,874.8,0.0,0.036579,,,
01:41:18.930,73.0,89,868.5,0.0,0.036843,,,
01:41:18.967,73.3,86,867.1,0.0,0.036903,,,
01:41:19.004,73.8,86,856.2,0.0,0.037373,,,
01:41:19.042,74.0,86,846.8,0.0,0.037791,,,
01:41:19.079,74.5,86,854.7,0.0,0.037441,,,
01:41:19.116,74.7,86,862.5,0.0,0.037102,,,
01:41:19.153,75.2,88,868.2,0.0,0.036858,,,
01:41:19.190,75.2,88,866.6,0.0,0.036925,,,
01:41:19.227,75.5,88,866.6,0.0,0.036924,,,
01:41:19.265,76.0,88,861.6,0.0,0.03714,,,
01:41:19.302,76.3,88,848.2,0.0,0.037728,,,
01:41:19.340,76.5,88,847.5,0.0,0.037758,,,
01:41:19.380,76.8,87,800.7,0.0,0.039964,,,
01:41:19.417,77.3,87,854.9,0.0,0.037433,,,
01:41:19.455,77.6,87,856.7,0.0,0.037351,,,
01:41:19.492,78.0,87,858.4,0.0,0.037281,,,
01:41:19.529,78.3,87,858.3,0.0,0.037283,,,
01:41:19.567,73.3,87,859.2,0.0,0.037242,,,
01:41:19.568,,,,,,True,1,
01:41:19.596,73.5,87,297.8,277.477403,0.0,,,
01:41:19.633,73.2,87,877.9,0.0,0.066672,,,
01:41:19.634,,,,,,True,1,
01:41:19.663,73.3,87,306.4,277.543211,0.0,,,
01:41:19.699,73.5,87,864.9,0.0,0.066376,,,
01:41:19.736,74.0,87,866.5,0.0,0.036931,,,
01:41:19.773,74.2,88,873.0,0.0,0.036656,,,
01:41:19.810,74.5,88,870.4,0.0,0.036765,,,
01:41:19.850,73.7,88,817.6,0.0,0.039138,,,
01:41:19.852,,,,,,True,1,
01:41:19.882,73.8,88,276.1,277.762276,0.0,,,
01:41:19.924,74.2,88,775.7,0.0,0.07385,,,
01:41:19.966,74.8,83,756.1,0.0,0.042322,,,
01:41:20.008,75.3,83,752.0,0.0,0.042554,,,
01:41:20.050,75.5,83,761.6,0.0,0.042016,,,
01:41:20.093,75.8,83,756.9,0.0,0.042276,,,
01:41:20.135,75.8,83,759.0,0.0,0.042161,,,
01:41:20.137,,,,,,True,1,
01:41:20.168,76.0,76,270.7,278.048087,0.0,,,
01:41:20.212,76.3,76,738.1,0.0,0.076603,,,
01:41:20.255,76.8,76,743.2,0.0,0.043057,,,
01:41:20.297,71.9,76,745.7,0.0,0.042912,,,
01:41:20.300,,,,,,True,1,
01:41:20.330,72.0,76,272.9,278.21037,0.0,,,
01:41:20.371,72.4,78,790.5,0.0,0.073457,,,
01:41:20.413,72.8,78,766.1,0.0,0.041771,,,
01:41:20.454,73.0,78,768.8,0.0,0.041622,,,
01:41:20.496,73.3,78,763.6,0.0,0.041906,,,
01:41:20.538,73.5,78,760.3,0.0,0.042087,,,
01:41:20.582,73.8,77,731.4,0.0,0.043754,,,
01:41:20.624,73.8,77,766.5,0.0,0.041748,,,
01:41:20.666,74.3,77,762.7,0.0,0.041955,,,
01:41:20.708,75.0,77,760.2,0.0,0.042094,,,
01:41:20.750,75.3,79,761.9,0.0,0.042001,,,
01:41:20.792,75.5,79,765.3,0.0,0.041816,,,
01:41:20.833,75.8,79,763.8,0.0,0.041895,,,
01:41:20.875,74.3,79,763.6,0.0,0.041909,,,
01:41:20.878,,,,,,True,1,
01:41:20.908,74.5,79,275.7,278.788041,0.0,,,
01:41:20.951,74.8,78,750.9,0.0,0.075265,,,
01:41:20.993,75.3,78,754.4,0.0,0.04242,,,
01:41:21.035,73.0,78,760.8,0.0,0.042064,,,
01:41:21.037,,,,,,True,1,
01:41:21.067,73.2,78,277.2,278.94759,0.0,,,
01:41:21.108,73.5,78,790.8,0.0,0.072933,,,
01:41:21.150,72.0,78,765.8,0.0,0.041785,,,
01:41:21.152,,,,,,True,1,
01:41:21.182,72.2,78,278.5,279.062133,0.0,,,
01:41:21.224,72.4,78,779.4,0.0,0.07337,,,
01:41:21.266,72.7,78,759.8,0.0,0.042114,,,
01:41:21.307,73.0,78,761.5,0.0,0.04202,,,
01:41:21.349,73.3,78,767.4,0.0,0.0417,,,
01:41:21.391,73.3,78,768.5,0.0,0.04164,,,
01:41:21.433,73.8,78,762.6,0.0,0.041961,,,
01:41:21.475,74.5,78,759.3,0.0,0.042146,,,
01:41:21.517,75.0,78,757.7,0.0,0.042233,,,
01:41:21.559,75.2,76,758.2,0.0,0.042203,,,
01:41:21.602,71.2,76,758.1,0.0,0.042208,,,
01:41:21.604,,,,,,True,1,
01:41:21.638,71.4,76,241.4,279.518678,0.0,,,
01:41:21.679,71.7,76,785.9,0.0,0.078003,,,
01:41:21.721,72.0,76,766.6,0.0,0.041741,,,
01:41:21.763,72.5,75,766.2,0.0,0.041762,,,
01:41:21.805,72.7,75,761.8,0.0,0.042004,,,
01:41:21.847,72.8,75,760.9,0.0,0.042054,,,
01:41:21.889,70.9,75,766.0,0.0,0.041778,,,
01:41:21.891,,,,,,True,1,
01:41:21.921,71.0,75,276.2,279.801299,0.0,,,
01:41:21.963,71.2,78,783.2,0.0,0.07344,,,
01:41:22.005,71.7,78,753.6,0.0,0.04246,,,
01:41:22.047,72.0,78,758.6,0.0,0.042181,,,
01:41:22.089,72.4,78,764.7,0.0,0.041849,,,
01:41:22.131,72.4,78,763.3,0.0,0.041923,,,
01:41:22.173,67.5,76,761.9,0.0,0.042,,,
01:41:22.175,,,,,,True,1,
01:41:22.205,67.7,76,275.4,280.085229,0.0,,,
01:41:22.246,68.4,76,799.3,0.0,0.072715,,,
01:41:22.287,69.0,76,767.0,0.0,0.041723,,,
01:41:22.328,69.2,76,774.3,0.0,0.041325,,,
01:41:22.370,69.4,79,770.8,0.0,0.041513,,,
01:41:22.414,69.4,79,733.9,0.0,0.043603,,,
01:41:22.457,69.7,79,734.0,0.0,0.043599,,,
01:41:22.500,70.2,79,754.3,0.0,0.042424,,,
01:41:22.544,70.5,76,756.4,0.0,0.042306,,,
01:41:22.586,70.7,76,729.9,0.0,0.043842,,,
01:41:22.628,71.2,76,753.1,0.0,0.042493,,,
01:41:22.670,71.4,76,764.8,0.0,0.041844,,,
01:41:22.712,71.9,76,768.3,0.0,0.041649,,,
01:41:22.753,72.2,77,767.4,0.0,0.041702,,,
01:41:22.795,72.5,77,764.9,0.0,0.041836,,,
01:41:22.837,72.5,77,766.9,0.0,0.041727,,,
01:41:22.879,73.0,77,764.0,0.0,0.041887,,,
01:41:22.921,73.7,77,756.8,0.0,0.042286,,,
01:41:22.964,74.3,76,755.1,0.0,0.04238,,,
01:41:23.008,74.5,76,724.1,0.0,0.04419,,,
01:41:23.050,74.7,76,761.2,0.0,0.042036,,,
01:41:23.092,74.7,76,758.7,0.0,0.042176,,,
01:41:23.134,75.0,76,761.8,0.0,0.042008,,,
01:41:23.176,75.5,75,761.5,0.0,0.042023,,,
01:41:23.218,75.8,75,757.9,0.0,0.042219,,,
01:41:23.260,76.0,75,760.6,0.0,0.042071,,,
01:41:23.303,76.5,75,752.1,0.0,0.042547,,,
01:41:23.345,76.7,80,754.4,0.0,0.04242,,,
01:41:23.388,77.2,80,751.4,0.0,0.042586,,,
01:41:23.430,72.2,80,752.9,0.0,0.042501,,,
01:41:23.433,,,,,,True,1,
01:41:23.463,72.4,80,274.3,281.342976,0.0,,,
01:41:23.505,72.2,80,777.2,0.0,0.073982,,,
01:41:23.506,,,,,,True,1,
01:41:23.536,72.4,80,276.3,281.416706,0.0,,,
01:41:23.581,72.4,75,722.7,0.0,0.076855,,,
01:41:23.624,71.0,75,747.4,0.0,0.042815,,,
01:41:23.627,,,,,,True,1,
01:41:23.657,71.2,75,268.6,281.537287,0.0,,,
01:41:23.699,71.7,75,766.2,0.0,0.075272,,,
01:41:23.743,72.2,77,755.8,0.0,0.042337,,,
01:41:23.785,72.4,77,734.3,0.0,0.043578,,,
01:41:23.827,72.5,77,761.4,0.0,0.042029,,,
01:41:23.869,72.7,77,765.7,0.0,0.041789,,,
01:41:23.911,73.2,77,762.7,0.0,0.041958,,,
01:41:23.953,73.7,77,766.3,0.0,0.041759,,,
01:41:23.997,74.0,77,717.1,0.0,0.044627,,,
01:41:24.040,68.9,77,754.6,0.0,0.042407,,,
01:41:24.042,,,,,,True,1,
01:41:24.073,69.0,77,268.1,281.953084,0.0,,,
01:41:24.114,69.5,77,790.0,0.0,0.074071,,,
01:41:24.157,69.7,75,736.4,0.0,0.043456,,,
01:41:24.199,69.4,75,766.5,0.0,0.041748,,,
01:41:24.201,,,,,,True,1,
01:41:24.231,69.5,75,273.2,282.11172,0.0,,,
01:41:24.272,69.9,75,798.2,0.0,0.073036,,,
01:41:24.314,70.0,75,769.5,0.0,0.041587,,,
01:41:24.355,70.0,78,771.7,0.0,0.041468,,,
01:41:24.397,70.5,78,769.4,0.0,0.04159,,,
01:41:24.439,71.2,78,762.9,0.0,0.041943,,,
01:41:24.480,71.5,78,768.2,0.0,0.041653,,,
01:41:24.523,71.7,78,757.9,0.0,0.042224,,,
01:41:24.565,72.0,76,761.9,0.0,0.042003,,,
01:41:24.607,72.2,76,759.3,0.0,0.042147,,,
01:41:24.648,72.7,76,770.1,0.0,0.041555,,,
01:41:24.690,73.2,76,771.0,0.0,0.041504,,,
01:41:24.731,73.5,76,771.0,0.0,0.041505,,,
01:41:24.773,73.7,77,770.6,0.0,0.041524,,,
01:41:24.812,74.2,77,806.3,0.0,0.039686,,,
01:41:24.853,74.3,77,783.5,0.0,0.040844,,,
01:41:24.895,74.8,77,769.9,0.0,0.041566,,,
01:41:24.937,75.2,77,760.5,0.0,0.042077,,,
01:41:24.981,75.3,79,726.7,0.0,0.044035,,,
01:41:25.023,75.3,79,760.9,0.0,0.042056,,,
01:41:25.065,75.8,79,756.4,0.0,0.042306,,,
01:41:25.107,76.5,79,762.7,0.0,0.041954,,,
01:41:25.149,76.8,79,759.8,0.0,0.042116,,,
01:41:25.192,77.0,79,755.9,0.0,0.042333,,,
01:41:25.234,77.3,79,757.7,0.0,0.042235,,,
01:41:25.276,77.5,79,760.1,0.0,0.042099,,,
01:41:25.319,78.0,79,747.8,0.0,0.042789,,,
01:41:25.361,78.5,75,754.0,0.0,0.042438,,,
01:41:25.404,78.8,75,754.3,0.0,0.042423,,,
01:41:25.447,79.0,75,744.1,0.0,0.043005,,,
01:41:25.489,79.5,75,755.1,0.0,0.042377,,,
01:41:25.531,79.6,75,757.4,0.0,0.042251,,,
01:41:25.573,80.1,76,757.9,0.0,0.042222,,,
01:41:25.616,75.2,76,753.7,0.0,0.042458,,,
01:41:25.618,,,,,,True,1,
01:41:25.648,75.3,76,274.5,283.528537,0.0,,,
01:41:25.689,75.5,76,787.2,0.0,0.07344,,,
01:41:25.731,75.5,76,767.0,0.0,0.041722,,,
01:41:25.773,76.0,79,765.1,0.0,0.041825,,,
01:41:25.815,76.7,79,757.0,0.0,0.042273,,,
01:41:25.858,76.8,79,755.9,0.0,0.042336,,,
01:41:25.900,71.7,79,754.3,0.0,0.042424,,,
01:41:25.902,,,,,,True,1,
01:41:25.932,71.9,79,273.5,283.812656,0.0,,,
01:41:25.974,72.2,78,787.4,0.0,0.07355,,,
01:41:26.015,72.5,78,767.1,0.0,0.041714,,,
01:41:26.057,73.0,78,761.8,0.0,0.042007,,,
01:41:26.100,73.5,78,760.3,0.0,0.042088,,,
01:41:26.143,73.7,79,756.3,0.0,0.042312,,,
01:41:26.185,73.8,79,747.3,0.0,0.042821,,,
01:41:26.227,74.3,79,759.3,0.0,0.042145,,,
01:41:26.268,74.7,79,765.8,0.0,0.041786,,,
01:41:26.311,75.2,79,758.0,0.0,0.042214,,,
01:41:26.354,75.5,77,751.3,0.0,0.042591,,,
01:41:26.397,70.4,77,741.0,0.0,0.043185,,,
01:41:26.399,,,,,,True,1,
01:41:26.429,70.5,77,273.0,284.309109,0.0,,,
01:41:26.470,70.5,77,793.9,0.0,0.07328,,,
01:41:26.511,71.0,77,766.5,0.0,0.041749,,,
01:41:26.554,71.7,77,759.8,0.0,0.042115,,,
01:41:26.596,68.0,77,763.4,0.0,0.041917,,,
01:41:26.598,,,,,,True,1,
01:41:26.628,68.2,77,272.8,284.508167,0.0,,,
01:41:26.669,68.2,77,795.8,0.0,0.073204,,,
01:41:26.711,68.5,77,765.1,0.0,0.041822,,,
01:41:26.752,68.9,78,767.3,0.0,0.041703,,,
01:41:26.794,69.5,78,765.9,0.0,0.04178,,,
01:41:26.836,64.7,78,764.2,0.0,0.041874,,,
01:41:26.838,,,,,,True,1,
01:41:26.868,64.9,78,272.6,284.748559,0.0,,,
01:41:26.908,65.1,78,807.3,0.0,0.072656,,,
01:41:26.950,65.1,78,777.9,0.0,0.041134,,,
01:41:26.991,65.7,78,778.5,0.0,0.041103,,,
01:41:27.032,66.1,78,776.7,0.0,0.041198,,,
01:41:27.073,66.4,78,774.1,0.0,0.04134,,,
01:41:27.115,66.7,78,772.5,0.0,0.041424,,,
01:41:27.157,66.9,76,764.5,0.0,0.041857,,,
01:41:27.199,67.1,76,766.6,0.0,0.041744,,,
01:41:27.240,67.5,76,764.0,0.0,0.041883,,,
01:41:27.282,68.2,76,764.4,0.0,0.041864,,,
01:41:27.324,68.4,76,768.3,0.0,0.04165,,,
01:41:27.365,68.4,75,775.0,0.0,0.041291,,,
01:41:27.406,68.7,75,773.5,0.0,0.041369,,,
01:41:27.448,63.7,75,769.7,0.0,0.041574,,,
01:41:27.450,,,,,,True,1,
01:41:27.484,63.9,75,245.5,285.364227,0.0,,,
01:41:27.525,64.6,75,801.2,0.0,0.076604,,,
01:41:27.566,65.1,77,778.2,0.0,0.041123,,,
01:41:27.607,65.2,77,777.9,0.0,0.041136,,,
01:41:27.648,65.2,77,777.8,0.0,0.041144,,,
01:41:27.689,65.7,77,781.1,0.0,0.04097,,,
01:41:27.730,61.8,77,776.6,0.0,0.041203,,,
01:41:27.732,,,,,,True,1,
01:41:27.762,61.9,77,278.9,285.641993,0.0,,,
01:41:27.803,62.3,77,800.7,0.0,0.072237,,,
01:41:27.844,62.7,77,776.7,0.0,0.0412,,,
01:41:27.885,62.9,77,780.1,0.0,0.04102,,,
01:41:27.926,61.4,77,781.6,0.0,0.040939,,,
01:41:27.928,,,,,,True,1,
01:41:27.958,61.6,78,277.1,285.837584,0.0,,,
01:41:27.998,61.9,78,799.8,0.0,0.072494,,,
01:41:28.040,62.6,78,770.5,0.0,0.041529,,,
01:41:28.081,62.7,78,775.3,0.0,0.041273,,,
01:41:28.122,62.9,78,779.7,0.0,0.041042,,,
01:41:28.163,63.2,77,779.1,0.0,0.041073,,,
01:41:28.204,63.6,77,775.7,0.0,0.041254,,,
01:41:28.245,64.2,77,781.6,0.0,0.04094,,,
01:41:28.286,64.9,77,786.2,0.0,0.040701,,,
01:41:28.327,65.1,77,785.8,0.0,0.040725,,,
01:41:28.367,65.1,77,782.9,0.0,0.040875,,,
01:41:28.409,65.6,77,776.6,0.0,0.041203,,,
01:41:28.450,65.9,77,780.2,0.0,0.041016,,,
01:41:28.491,60.8,77,779.1,0.0,0.04107,,,
01:41:28.493,,,,,,True,1,
01:41:28.523,60.9,77,275.4,286.402964,0.0,,,
01:41:28.563,61.4,79,811.3,0.0,0.072129,,,
01:41:28.604,56.8,79,777.3,0.0,0.041169,,,
01:41:28.606,,,,,,True,1,
01:41:28.636,57.0,79,276.0,286.516167,0.0,,,
01:41:28.676,57.1,79,801.1,0.0,0.072549,,,
01:41:28.718,57.5,79,780.2,0.0,0.041013,,,
01:41:28.759,57.9,77,780.1,0.0,0.041018,,,
01:41:28.800,58.1,77,785.0,0.0,0.040767,,,
01:41:28.840,58.3,77,782.1,0.0,0.040918,,,
01:41:28.881,58.8,77,788.6,0.0,0.04058,,,
01:41:28.922,59.1,77,782.4,0.0,0.040898,,,
01:41:28.963,59.9,76,778.8,0.0,0.041086,,,
01:41:29.004,60.6,76,781.3,0.0,0.040955,,,
01:41:29.045,60.8,76,780.0,0.0,0.041025,,,
01:41:29.086,60.8,76,786.9,0.0,0.040665,,,
01:41:29.126,61.3,76,783.2,0.0,0.040859,,,
01:41:29.167,61.4,76,789.3,0.0,0.040543,,,
01:41:29.208,61.6,76,786.4,0.0,0.040694,,,
01:41:29.248,62.1,76,787.4,0.0,0.040642,,,
01:41:29.289,62.3,76,786.0,0.0,0.040712,,,
01:41:29.329,62.4,76,788.4,0.0,0.040586,,,
01:41:29.370,62.7,77,787.5,0.0,0.040636,,,
01:41:29.413,63.2,77,740.8,0.0,0.043197,,,
01:41:29.455,63.4,77,769.3,0.0,0.041598,,,
01:41:29.496,63.6,77,773.9,0.0,0.041348,,,
01:41:29.538,64.1,77,775.3,0.0,0.041276,,,
01:41:29.579,64.4,77,773.8,0.0,0.041354,,,
01:41:29.620,65.2,77,774.6,0.0,0.041311,,,
01:41:29.662,65.9,77,774.3,0.0,0.041329,,,
01:41:29.703,66.1,77,773.8,0.0,0.041356,,,
01:41:29.745,66.1,79,769.7,0.0,0.041572,,,
01:41:29.786,66.6,79,774.2,0.0,0.041335,,,
01:41:29.827,66.7,79,773.6,0.0,0.041367,,,
01:41:29.869,66.9,79,773.3,0.0,0.041382,,,
01:41:29.910,67.4,79,774.7,0.0,0.041307,,,
01:41:29.951,67.5,76,773.0,0.0,0.041399,,,
01:41:29.993,67.7,76,769.3,0.0,0.041597,,,
01:41:30.034,68.0,76,774.0,0.0,0.041343,,,
01:41:30.076,68.5,76,767.7,0.0,0.041683,,,
01:41:30.118,68.7,76,769.2,0.0,0.041603,,,
01:41:30.160,68.9,76,760.5,0.0,0.042077,,,
01:41:30.202,69.4,76,752.9,0.0,0.042503,,,
01:41:30.245,69.7,76,746.5,0.0,0.04287,,,
01:41:30.287,70.5,76,758.3,0.0,0.042199,,,
01:41:30.329,71.2,76,764.5,0.0,0.041859,,,
01:41:30.371,71.4,74,769.1,0.0,0.041605,,,
01:41:30.413,71.4,74,761.8,0.0,0.042003,,,
01:41:30.455,71.9,74,761.3,0.0,0.042033,,,
01:41:30.497,72.0,74,763.5,0.0,0.041915,,,
01:41:30.541,72.2,78,767.6,0.0,0.041687,,,
01:41:30.583,72.7,78,721.0,0.0,0.044385,,,
01:41:30.625,70.7,78,762.7,0.0,0.041955,,,
01:41:30.627,,,,,,True,1,
01:41:30.657,70.9,78,274.1,288.536969,0.0,,,
01:41:30.699,71.0,78,775.8,0.0,0.074076,,,
01:41:30.741,71.4,77,762.6,0.0,0.041964,,,
01:41:30.783,71.9,77,756.0,0.0,0.042328,,,
01:41:30.825,71.9,77,754.8,0.0,0.042394,,,
01:41:30.868,72.0,77,757.7,0.0,0.042233,,,
01:41:30.910,72.5,77,757.8,0.0,0.042228,,,
01:41:30.952,72.8,76,763.6,0.0,0.041905,,,
01:41:30.994,73.8,76,763.2,0.0,0.041929,,,
01:41:31.036,74.5,76,761.7,0.0,0.042011,,,
01:41:31.078,74.7,76,760.9,0.0,0.042058,,,
01:41:31.121,74.7,76,752.2,0.0,0.042539,,,
01:41:31.164,75.2,75,725.7,0.0,0.044095,,,
01:41:31.206,75.3,75,761.9,0.0,0.042001,,,
01:41:31.248,75.5,75,766.0,0.0,0.041776,,,
01:41:31.290,76.0,75,765.8,0.0,0.041788,,,
01:41:31.332,76.2,75,763.9,0.0,0.04189,,,
01:41:31.374,76.3,76,762.2,0.0,0.041984,,,
01:41:31.416,76.7,76,751.4,0.0,0.042588,,,
01:41:31.459,77.2,76,754.1,0.0,0.042433,,,
01:41:31.502,77.2,76,748.3,0.0,0.042766,,,
01:41:31.544,77.3,80,749.9,0.0,0.042671,,,
01:41:31.586,77.8,80,758.1,0.0,0.042208,,,
01:41:31.628,78.1,80,761.3,0.0,0.042031,,,
01:41:31.670,79.1,80,763.7,0.0,0.041904,,,
01:41:31.713,79.8,80,753.2,0.0,0.042486,,,
01:41:31.755,79.0,76,755.0,0.0,0.042387,,,
01:41:31.757,,,,,,True,1,
01:41:31.788,79.1,76,274.0,289.667646,0.0,,,
01:41:31.829,79.1,76,780.9,0.0,0.073832,,,
01:41:31.871,79.6,76,757.6,0.0,0.042236,,,
01:41:31.914,79.8,76,755.0,0.0,0.042385,,,
01:41:31.956,80.0,78,751.2,0.0,0.042601,,,
01:41:31.999,80.5,78,748.8,0.0,0.042733,,,
01:41:32.042,80.6,78,747.1,0.0,0.042834,,,
01:41:32.085,80.8,78,746.1,0.0,0.042891,,,
01:41:32.127,81.3,78,752.4,0.0,0.042531,,,
01:41:32.170,81.8,76,752.7,0.0,0.042514,,,
01:41:32.212,81.8,76,751.0,0.0,0.042612,,,
01:41:32.255,82.0,76,750.1,0.0,0.042659,,,
01:41:32.298,82.5,76,750.2,0.0,0.042654,,,
01:41:32.341,82.8,80,745.0,0.0,0.042953,,,
01:41:32.383,83.6,80,748.9,0.0,0.042728,,,
01:41:32.426,84.3,80,749.9,0.0,0.042673,,,
01:41:32.469,84.4,80,749.9,0.0,0.042671,,,
01:41:32.511,84.4,80,750.3,0.0,0.042648,,,
01:41:32.554,84.9,77,752.6,0.0,0.042517,,,
01:41:32.598,85.1,77,740.3,0.0,0.043226,,,
01:41:32.641,85.3,77,740.3,0.0,0.043226,,,
01:41:32.683,85.8,77,744.3,0.0,0.042991,,,
01:41:32.726,85.9,77,748.8,0.0,0.042737,,,
01:41:32.769,86.1,76,744.6,0.0,0.042977,,,
01:41:32.812,86.6,76,747.2,0.0,0.042824,,,
01:41:32.855,87.1,76,743.7,0.0,0.043025,,,
01:41:32.898,87.1,76,742.5,0.0,0.043099,,,
01:41:32.942,87.3,80,732.1,0.0,0.043709,,,
01:41:32.985,87.7,80,734.8,0.0,0.043552,,,
01:41:33.028,88.1,80,742.7,0.0,0.043085,,,
01:41:33.072,88.9,80,738.1,0.0,0.043355,,,
01:41:33.115,84.3,80,737.5,0.0,0.04339,,,
01:41:33.117,,,,,,True,1,
01:41:33.147,84.4,76,274.6,291.027419,0.0,,,
01:41:33.189,84.6,76,771.2,0.0,0.074268,,,
01:41:33.232,84.6,76,747.4,0.0,0.042812,,,
01:41:33.275,85.1,76,745.6,0.0,0.042918,,,
01:41:33.320,85.3,76,716.1,0.0,0.044686,,,
01:41:33.365,85.3,76,713.0,0.0,0.04488,,,
01:41:33.408,85.8,76,742.5,0.0,0.043099,,,
01:41:33.451,85.9,76,741.9,0.0,0.043133,,,
01:41:33.494,86.3,76,737.3,0.0,0.043401,,,
01:41:33.540,86.8,78,732.0,0.0,0.043715,,,
01:41:33.584,87.3,78,704.4,0.0,0.045426,,,
01:41:33.627,87.3,78,730.1,0.0,0.043827,,,
01:41:33.671,87.4,78,727.5,0.0,0.043986,,,
01:41:33.715,87.9,78,725.8,0.0,0.044092,,,
01:41:33.760,82.9,75,728.4,0.0,0.043929,,,
01:41:33.762,,,,,,True,1,
01:41:33.792,83.1,75,273.4,291.671719,0.0,,,
01:41:33.834,83.9,75,771.9,0.0,0.074372,,,
01:41:33.877,84.6,75,738.3,0.0,0.043344,,,
01:41:33.921,84.8,75,736.5,0.0,0.04345,,,
01:41:33.964,84.8,77,741.6,0.0,0.043152,,,
01:41:34.007,85.1,77,746.3,0.0,0.042878,,,
01:41:34.050,85.3,77,740.7,0.0,0.0432,,,
01:41:34.092,85.3,77,748.6,0.0,0.042744,,,
01:41:34.136,85.9,77,743.2,0.0,0.043059,,,
01:41:34.179,86.1,78,734.3,0.0,0.043579,,,
01:41:34.222,86.4,78,742.4,0.0,0.043101,,,
01:41:34.265,86.9,78,743.4,0.0,0.043045,,,
01:41:34.308,87.4,78,748.0,0.0,0.042783,,,
01:41:34.351,87.4,79,744.0,0.0,0.043012,,,
01:41:34.394,87.6,79,745.3,0.0,0.042935,,,
01:41:34.438,88.1,79,735.8,0.0,0.043492,,,
01:41:34.481,87.6,79,737.0,0.0,0.043417,,,
01:41:34.483,,,,,,True,1,
01:41:34.514,87.7,79,271.5,292.393493,0.0,,,
01:41:34.556,88.6,78,760.2,0.0,0.07524,,,
01:41:34.600,89.2,78,734.6,0.0,0.043563,,,
01:41:34.643,89.4,78,740.1,0.0,0.043239,,,
01:41:34.687,89.4,78,737.3,0.0,0.0434,,,
01:41:34.730,89.7,78,730.6,0.0,0.043802,,,
01:41:34.774,89.9,75,740.8,0.0,0.043194,,,
01:41:34.818,89.9,75,724.7,0.0,0.044156,,,
01:41:34.864,90.7,75,694.2,0.0,0.046096,,,
01:41:34.907,90.9,75,733.8,0.0,0.04361,,,
01:41:34.951,85.9,79,730.2,0.0,0.043823,,,
01:41:34.953,,,,,,True,1,
01:41:34.983,86.1,79,273.4,292.863379,0.0,,,
01:41:35.026,86.4,79,758.4,0.0,0.075114,,,
01:41:35.069,86.9,79,739.2,0.0,0.043292,,,
01:41:35.113,86.9,79,730.7,0.0,0.043796,,,
01:41:35.157,87.1,77,735.5,0.0,0.043505,,,
01:41:35.202,87.4,77,710.8,0.0,0.04502,,,
01:41:35.245,87.7,77,739.1,0.0,0.043293,,,
01:41:35.288,88.6,77,745.5,0.0,0.042927,,,
01:41:35.331,89.4,77,743.7,0.0,0.043026,,,
01:41:35.374,89.6,75,742.5,0.0,0.043098,,,
01:41:35.418,89.6,75,733.7,0.0,0.043613,,,
01:41:35.462,89.9,75,724.8,0.0,0.044148,,,
01:41:35.507,90.1,75,723.0,0.0,0.044258,,,
01:41:35.550,90.1,79,721.8,0.0,0.044334,,,
01:41:35.594,90.9,79,739.0,0.0,0.043302,,,
01:41:35.637,91.1,79,735.6,0.0,0.0435,,,
01:41:35.681,91.4,79,730.9,0.0,0.043781,,,
01:41:35.725,91.7,79,730.4,0.0,0.04381,,,
01:41:35.768,92.2,76,739.2,0.0,0.043292,,,
01:41:35.815,92.2,76,689.7,0.0,0.046399,,,
01:41:35.859,92.4,76,717.4,0.0,0.044604,,,
01:41:35.903,92.7,76,731.8,0.0,0.043726,,,
01:41:35.947,87.7,79,733.9,0.0,0.043602,,,
01:41:35.949,,,,,,True,1,
01:41:35.979,87.9,79,276.6,293.858415,0.0,,,
01:41:36.023,88.7,79,728.8,0.0,0.076442,,,
01:41:36.066,89.6,79,736.0,0.0,0.043479,,,
01:41:36.109,89.7,79,744.3,0.0,0.042993,,,
01:41:36.152,89.7,77,745.2,0.0,0.042939,,,
01:41:36.196,89.9,77,738.0,0.0,0.04336,,,
01:41:36.242,90.1,77,696.5,0.0,0.045947,,,
01:41:36.288,90.1,77,688.1,0.0,0.046503,,,
01:41:36.332,91.1,77,729.3,0.0,0.04388,,,
01:41:36.379,91.2,73,684.1,0.0,0.046774,,,
01:41:36.422,91.6,73,733.3,0.0,0.043638,,,
01:41:36.466,91.9,73,738.5,0.0,0.043328,,,
01:41:36.509,92.4,73,738.0,0.0,0.043363,,,
01:41:36.552,92.4,79,739.7,0.0,0.043262,,,
01:41:36.596,92.5,79,734.7,0.0,0.043558,,,
01:41:36.640,92.9,79,729.5,0.0,0.043868,,,
01:41:36.684,93.2,79,730.4,0.0,0.043813,,,
01:41:36.727,94.0,79,737.1,0.0,0.043415,,,
01:41:36.770,94.9,76,736.5,0.0,0.043447,,,
01:41:36.814,95.0,76,731.5,0.0,0.043746,,,
01:41:36.858,95.0,76,731.4,0.0,0.043749,,,
01:41:36.902,95.2,76,728.7,0.0,0.043914,,,
01:41:36.943,95.4,81,768.6,0.0,0.041635,,,
01:41:36.986,95.4,81,744.5,0.0,0.042983,,,
01:41:37.030,96.4,81,729.8,0.0,0.04385,,,
01:41:37.074,96.5,81,729.8,0.0,0.043845,,,
01:41:37.119,96.9,81,721.0,0.0,0.044382,,,
01:41:37.163,97.2,77,725.2,0.0,0.044126,,,
01:41:37.207,97.7,77,725.1,0.0,0.044134,,,
01:41:37.251,97.7,77,722.8,0.0,0.044275,,,
01:41:37.296,97.8,77,720.2,0.0,0.044429,,,
01:41:37.340,98.2,80,715.8,0.0,0.044705,,,
01:41:37.385,98.5,80,719.7,0.0,0.044463,,,
01:41:37.429,99.3,80,723.5,0.0,0.04423,,,
01:41:37.431,,,,,,,,a27f1d7a4e164bb69667df63ad3376bd
01:41:37.676,99.7,52,125.9,0.0,0.246274,,,
01:41:37.721,99.8,52,687.7,0.0,0.045077,,,
01:41:37.765,99.8,22,691.6,0.0,0.044826,,,
01:41:37.767,,,,,,,,ccc9f993766440e3b08adc8ca0512249
01:41:37.809,99.2,22,681.8,0.0,0.044004,,,
01:41:37.853,99.3,22,683.5,0.0,0.043889,,,
01:41:37.897,99.3,22,679.5,0.0,0.044151,,,
01:41:37.899,,,,,,,,af056a260a4542749bfc58e5a8a6ade3
01:41:37.942,99.2,81,654.9,0.0,0.044281,,,
01:41:37.986,99.3,81,656.6,0.0,0.04417,,,
01:41:38.029,99.7,81,665.8,0.0,0.043556,,,
01:41:38.031,,,,,,,,b2a7086857434f238affb93b6b6777a7
01:41:38.073,98.8,81,635.5,0.0,0.044058,,,
01:41:38.117,99.3,81,637.9,0.0,0.043896,,,
01:41:38.161,94.0,76,635.3,0.0,0.044071,,,
01:41:38.163,,,,,,True,1,
01:41:38.164,,,,,,False,4,
01:41:38.243,97.7,76,3655.9,0.214358,0.0,,,
01:41:38.287,97.8,76,732.2,0.0,0.126034,,,
01:41:38.331,98.2,76,727.3,0.0,0.043997,,,
01:41:38.379,98.5,83,673.3,0.0,0.047529,,,
01:41:38.423,99.3,83,720.2,0.0,0.04443,,,
01:41:38.467,99.8,83,722.3,0.0,0.044302,,,
01:41:38.469,,,,,,,,225a496cf8704eb288daa2a85ce66fce
01:41:38.512,97.2,83,701.5,0.0,0.044191,,,
01:41:38.514,,,,,,True,1,
01:41:38.514,,,,,,False,1,
01:41:38.544,97.5,79,735.0,0.076845,0.0,,,
01:41:38.587,97.5,79,749.8,0.0,0.075335,,,
01:41:38.631,97.8,79,728.7,0.0,0.043914,,,
01:41:38.676,98.0,79,718.5,0.0,0.044535,,,
01:41:38.721,98.0,79,707.0,0.0,0.045264,,,
01:41:38.766,94.4,77,714.6,0.0,0.044782,,,
01:41:38.768,,,,,,True,1,
01:41:38.798,94.5,77,273.5,296.677771,0.0,,,
01:41:38.842,94.7,77,735.4,0.0,0.07642,,,
01:41:38.886,95.2,77,720.5,0.0,0.044416,,,
01:41:38.931,95.5,77,715.2,0.0,0.044741,,,
01:41:38.978,96.0,77,681.6,0.0,0.046946,,,
01:41:39.023,96.2,77,717.9,0.0,0.044575,,,
01:41:39.067,96.4,77,715.7,0.0,0.044711,,,
01:41:39.113,96.7,77,703.3,0.0,0.045498,,,
01:41:39.158,97.2,77,705.7,0.0,0.045343,,,
01:41:39.204,98.0,77,703.9,0.0,0.045461,,,
01:41:39.250,98.5,77,685.6,0.0,0.046673,,,
01:41:39.296,98.8,77,712.1,0.0,0.044939,,,
01:41:39.341,98.8,77,712.0,0.0,0.044946,,,
01:41:39.385,99.2,77,717.9,0.0,0.044574,,,
01:41:39.429,99.3,77,724.8,0.0,0.044149,,,
01:41:39.473,99.3,77,723.1,0.0,0.044255,,,
01:41:39.518,99.8,77,713.6,0.0,0.044845,,,
01:41:39.520,,,,,,,,a3901b3342f94dce8bc3c55cd3490070
01:41:39.563,99.7,75,692.0,0.0,0.044796,,,
01:41:39.565,,,,,,,,115a9906ca0e4a4188dcdf7c4ea97ef1
01:41:39.607,99.8,75,684.1,0.0,0.043854,,,
01:41:39.608,,,,,,,,225a496cf8704eb288daa2a85ce66fce
01:41:39.650,99.5,75,662.7,0.0,0.043761,,,
01:41:39.652,,,,,,,,a27f1d7a4e164bb69667df63ad3376bd
01:41:39.694,99.2,75,639.7,0.0,0.043774,,,
01:41:39.738,99.3,80,638.8,0.0,0.04383,,,
01:41:39.782,99.5,80,637.2,0.0,0.043943,,,
01:41:39.825,99.8,80,646.7,0.0,0.043294,,,
01:41:39.827,,,,,,,,ccc9f993766440e3b08adc8ca0512249
01:41:39.869,99.0,80,621.6,0.0,0.043437,,,
01:41:39.912,99.8,80,620.2,0.0,0.043533,,,
01:41:39.914,,,,,,,,af056a260a4542749bfc58e5a8a6ade3
01:41:39.956,99.0,78,593.6,0.0,0.043797,,,
01:41:40.000,99.2,78,599.9,0.0,0.043337,,,
01:41:40.043,99.2,78,594.8,0.0,0.043712,,,
01:41:40.086,99.3,78,603.5,0.0,0.043082,,,
01:41:40.129,99.5,78,605.9,0.0,0.042909,,,
01:41:40.172,94.2,78,600.0,0.0,0.043334,,,
01:41:40.175,,,,,,True,1,
01:41:40.175,,,,,,False,6,
01:41:40.279,98.8,78,3773.8,0.36643,0.0,,,
01:41:40.324,99.5,78,712.4,0.0,0.151177,,,
01:41:40.368,99.7,86,714.8,0.0,0.04477,,,
01:41:40.370,,,,,,,,97c3ac2656df47d497ca10cd2e059804
01:41:40.413,99.8,86,697.5,0.0,0.044444,,,
01:41:40.414,,,,,,,,a3901b3342f94dce8bc3c55cd3490070
01:41:40.458,99.7,86,672.0,0.0,0.044641,,,
01:41:40.459,,,,,,,,115a9906ca0e4a4188dcdf7c4ea97ef1
01:41:40.502,99.5,86,655.0,0.0,0.044274,,,
01:41:40.545,99.5,80,665.3,0.0,0.043591,,,
01:41:40.588,99.8,80,669.8,0.0,0.043295,,,
01:41:40.590,,,,,,,,225a496cf8704eb288daa2a85ce66fce
01:41:40.632,99.7,80,641.6,0.0,0.043643,,,
01:41:40.634,,,,,,,,a27f1d7a4e164bb69667df63ad3376bd
01:41:40.676,99.0,80,617.2,0.0,0.043747,,,
01:41:40.720,100.0,80,618.2,0.0,0.043672,,,
01:41:40.721,,,,,,,,ccc9f993766440e3b08adc8ca0512249
01:41:40.763,99.3,77,598.0,0.0,0.043482,,,
01:41:40.806,99.5,77,605.9,0.0,0.042912,,,
01:41:40.849,94.2,77,602.7,0.0,0.043142,,,
01:41:40.851,,,,,,True,1,
01:41:40.851,,,,,,False,6,
01:41:40.938,98.2,87,3802.0,0.216858,0.0,,,
01:41:40.982,98.3,87,695.6,0.0,0.133324,,,
01:41:41.027,98.7,87,722.6,0.0,0.044283,,,
01:41:41.071,98.8,87,728.5,0.0,0.043924,,,
01:41:41.116,99.3,87,717.4,0.0,0.044605,,,
01:41:41.160,99.5,76,717.6,0.0,0.044593,,,
01:41:41.204,99.8,76,723.6,0.0,0.044225,,,
01:41:41.206,,,,,,,,0d92f7581b7b4b76994f7a9073bd13d3
01:41:41.248,99.8,76,700.0,0.0,0.044289,,,
01:41:41.250,,,,,,,,97c3ac2656df47d497ca10cd2e059804
01:41:41.292,89.2,76,682.8,0.0,0.043934,,,
01:41:41.295,,,,,,True,2,
01:41:41.295,,,,,,False,2,
01:41:41.327,90.1,76,1537.6,0.079054,0.0,,,
01:41:41.370,84.9,78,757.4,0.0,0.077371,,,
01:41:41.371,,,,,,True,1,
01:41:41.401,85.1,78,282.4,299.280834,0.0,,,
01:41:41.443,85.3,78,767.8,0.0,0.073544,,,
01:41:41.486,85.6,78,742.7,0.0,0.043089,,,
01:41:41.530,86.1,78,738.6,0.0,0.043323,,,
01:41:41.573,86.6,78,739.8,0.0,0.043253,,,
01:41:41.616,87.3,78,741.4,0.0,0.043164,,,
01:41:41.659,87.6,78,741.9,0.0,0.043133,,,
01:41:41.702,87.9,78,740.3,0.0,0.043225,,,
01:41:41.746,88.2,81,742.4,0.0,0.043101,,,
01:41:41.789,88.6,81,742.8,0.0,0.043081,,,
01:41:41.832,88.7,81,741.4,0.0,0.043163,,,
01:41:41.876,89.2,81,735.2,0.0,0.043528,,,
01:41:41.919,89.4,81,736.2,0.0,0.043468,,,
01:41:41.964,89.7,75,700.8,0.0,0.045662,,,
01:41:42.008,89.9,75,737.7,0.0,0.043378,,,
01:41:42.051,90.2,75,737.5,0.0,0.043391,,,
01:41:42.096,90.4,75,717.0,0.0,0.04463,,,
01:41:42.140,90.6,80,730.2,0.0,0.043822,,,
01:41:42.183,90.9,80,730.0,0.0,0.043833,,,
01:41:42.227,91.4,80,735.0,0.0,0.043537,,,
01:41:42.271,91.9,80,738.0,0.0,0.043363,,,
01:41:42.315,92.5,80,728.7,0.0,0.043913,,,
01:41:42.359,90.9,75,724.6,0.0,0.044162,,,
01:41:42.361,,,,,,True,1,
01:41:42.391,91.1,75,273.3,300.270648,0.0,,,
01:41:42.434,91.4,75,751.6,0.0,0.075513,,,
01:41:42.478,91.7,75,725.1,0.0,0.04413,,,
01:41:42.522,92.1,75,728.2,0.0,0.043947,,,
01:41:42.566,86.9,77,735.8,0.0,0.043488,,,
01:41:42.568,,,,,,True,1,
01:41:42.598,87.1,77,277.1,300.477251,0.0,,,
01:41:42.640,87.6,77,759.3,0.0,0.074624,,,
01:41:42.683,83.3,77,743.8,0.0,0.043022,,,
01:41:42.685,,,,,,True,1,
01:41:42.715,83.4,77,278.3,300.594742,0.0,,,
01:41:42.758,83.6,80,760.8,0.0,0.074408,,,
01:41:42.801,83.9,80,742.4,0.0,0.043106,,,
01:41:42.843,84.1,80,748.6,0.0,0.042745,,,
01:41:42.886,79.0,80,748.1,0.0,0.042773,,,
01:41:42.888,,,,,,True,1,
01:41:42.918,79.1,80,276.9,300.797914,0.0,,,
01:41:42.960,79.3,78,779.1,0.0,0.073577,,,
01:41:43.002,79.8,78,750.9,0.0,0.042614,,,
01:41:43.045,80.3,78,748.1,0.0,0.042773,,,
01:41:43.088,80.8,78,748.7,0.0,0.042742,,,
01:41:43.131,81.3,78,740.9,0.0,0.04319,,,
01:41:43.177,76.3,76,709.9,0.0,0.045079,,,
01:41:43.179,,,,,,True,1,
01:41:43.209,76.5,76,271.9,301.088469,0.0,,,
01:41:43.250,76.8,76,780.8,0.0,0.074083,,,
01:41:43.293,77.3,76,752.0,0.0,0.042551,,,
01:41:43.337,72.4,78,746.5,0.0,0.042867,,,
01:41:43.339,,,,,,True,1,
01:41:43.369,72.5,78,264.5,301.248875,0.0,,,
01:41:43.411,72.7,78,773.2,0.0,0.075411,,,
01:41:43.454,73.0,78,755.1,0.0,0.042376,,,
01:41:43.497,73.2,78,745.3,0.0,0.042935,,,
01:41:43.539,73.3,77,750.7,0.0,0.042626,,,
01:41:43.582,73.7,77,753.3,0.0,0.042478,,,
01:41:43.624,73.8,77,753.9,0.0,0.042448,,,
01:41:43.667,74.0,77,739.7,0.0,0.043261,,,
01:41:43.710,74.3,77,741.0,0.0,0.043187,,,
01:41:43.754,74.8,74,746.2,0.0,0.042882,,,
01:41:43.796,75.3,74,753.5,0.0,0.042467,,,
01:41:43.838,75.8,74,756.2,0.0,0.042318,,,
01:41:43.881,76.3,74,754.8,0.0,0.042395,,,
01:41:43.923,71.4,74,759.0,0.0,0.04216,,,
01:41:43.925,,,,,,True,1,
01:41:43.956,71.5,75,272.8,301.834768,0.0,,,
01:41:43.997,71.9,75,775.9,0.0,0.074236,,,
01:41:44.039,72.4,75,756.4,0.0,0.042305,,,
01:41:44.081,72.7,75,758.5,0.0,0.042188,,,
01:41:44.123,72.8,75,766.9,0.0,0.041727,,,
01:41:44.165,73.0,77,761.6,0.0,0.042016,,,
01:41:44.207,73.2,77,765.9,0.0,0.04178,,,
01:41:44.249,73.3,77,766.3,0.0,0.041759,,,
01:41:44.291,73.8,77,757.3,0.0,0.042253,,,
01:41:44.333,73.2,77,761.6,0.0,0.042016,,,
01:41:44.335,,,,,,True,1,
01:41:44.365,73.3,78,273.0,302.245002,0.0,,,
01:41:44.406,73.5,78,789.6,0.0,0.073493,,,
01:41:44.449,73.8,78,758.1,0.0,0.042212,,,
01:41:44.491,74.3,78,754.8,0.0,0.042395,,,
01:41:44.537,74.8,78,756.1,0.0,0.042324,,,
01:41:44.579,75.3,78,707.0,0.0,0.045265,,,
01:41:44.621,75.8,78,754.3,0.0,0.042422,,,
01:41:44.663,76.2,78,761.7,0.0,0.042014,,,
01:41:44.705,76.5,78,763.2,0.0,0.04193,,,
01:41:44.747,77.0,77,763.0,0.0,0.041939,,,
01:41:44.789,77.3,77,763.0,0.0,0.041938,,,
01:41:44.831,77.5,77,754.4,0.0,0.042416,,,
01:41:44.875,77.6,77,740.3,0.0,0.043224,,,
01:41:44.917,77.8,77,755.4,0.0,0.042361,,,
01:41:44.960,78.0,75,750.4,0.0,0.042643,,,
01:41:45.002,78.5,75,747.8,0.0,0.042795,,,
01:41:45.045,78.1,75,746.6,0.0,0.042862,,,
01:41:45.047,,,,,,True,1,
01:41:45.078,78.3,75,274.6,302.957027,0.0,,,
01:41:45.120,78.5,75,768.3,0.0,0.074427,,,
01:41:45.162,78.6,77,752.5,0.0,0.042525,,,
01:41:45.204,79.1,77,757.9,0.0,0.042225,,,
01:41:45.247,79.6,77,753.9,0.0,0.042447,,,
01:41:45.289,80.1,77,759.0,0.0,0.042159,,,
01:41:45.331,80.6,77,755.1,0.0,0.042377,,,
01:41:45.375,81.0,78,735.8,0.0,0.043488,,,
01:41:45.418,80.5,78,745.6,0.0,0.042916,,,
01:41:45.420,,,,,,True,1,
01:41:45.450,80.6,78,272.3,303.329842,0.0,,,
01:41:45.493,81.0,78,770.1,0.0,0.074598,,,
01:41:45.537,81.3,79,741.0,0.0,0.043184,,,
01:41:45.579,81.5,79,729.8,0.0,0.043846,,,
01:41:45.622,81.6,79,746.8,0.0,0.042847,,,
01:41:45.665,81.8,79,754.7,0.0,0.042401,,,
01:41:45.707,82.0,79,754.2,0.0,0.042429,,,
01:41:45.749,82.5,77,753.9,0.0,0.042448,,,
01:41:45.793,82.8,77,744.2,0.0,0.042996,,,
01:41:45.836,82.9,77,743.1,0.0,0.04306,,,
01:41:45.879,83.1,77,746.8,0.0,0.042851,,,
01:41:45.922,83.6,77,739.7,0.0,0.043258,,,
01:41:45.965,84.1,75,739.6,0.0,0.043266,,,
01:41:46.008,84.6,75,741.7,0.0,0.043142,,,
01:41:46.051,85.1,75,742.7,0.0,0.043088,,,
01:41:46.095,85.4,75,739.9,0.0,0.043252,,,
01:41:46.138,85.9,80,737.1,0.0,0.043411,,,
01:41:46.181,86.3,80,736.4,0.0,0.043452,,,
01:41:46.224,86.6,80,748.6,0.0,0.042748,,,
01:41:46.267,86.8,80,743.2,0.0,0.043059,,,
01:41:46.311,86.9,80,734.0,0.0,0.043595,,,
01:41:46.354,87.1,76,735.5,0.0,0.043506,,,
01:41:46.398,87.3,76,734.3,0.0,0.043582,,,
01:41:46.441,82.5,76,736.7,0.0,0.043438,,,
01:41:46.443,,,,,,True,1,
01:41:46.473,82.6,76,276.6,304.352773,0.0,,,
01:41:46.516,82.9,76,764.3,0.0,0.074408,,,
01:41:46.558,83.1,78,748.2,0.0,0.042769,,,
01:41:46.601,78.0,78,749.2,0.0,0.04271,,,
01:41:46.603,,,,,,True,1,
01:41:46.633,78.1,78,277.8,304.512496,0.0,,,
01:41:46.675,78.6,78,770.6,0.0,0.073921,,,
01:41:46.718,79.0,78,754.9,0.0,0.042388,,,
01:41:46.760,79.5,78,749.1,0.0,0.042718,,,
01:41:46.802,80.0,78,754.2,0.0,0.042428,,,
01:41:46.845,80.3,78,757.1,0.0,0.042268,,,
01:41:46.887,80.8,78,758.4,0.0,0.042194,,,
01:41:46.930,81.1,78,755.2,0.0,0.042376,,,
01:41:46.975,81.6,77,709.3,0.0,0.045112,,,
01:41:47.018,76.5,77,745.2,0.0,0.042941,,,
01:41:47.020,,,,,,True,1,
01:41:47.050,76.7,77,272.7,304.929432,0.0,,,
01:41:47.092,76.8,77,775.9,0.0,0.07425,,,
01:41:47.136,77.0,79,750.6,0.0,0.042634,,,
01:41:47.179,71.9,79,724.0,0.0,0.044196,,,
01:41:47.181,,,,,,True,1,
01:41:47.211,72.0,79,274.8,305.090244,0.0,,,
01:41:47.253,72.5,79,774.3,0.0,0.074084,,,
01:41:47.296,72.7,79,739.4,0.0,0.04328,,,
01:41:47.339,67.9,77,747.9,0.0,0.042787,,,
01:41:47.341,,,,,,True,1,
01:41:47.372,68.0,77,270.1,305.250942,0.0,,,
01:41:47.413,68.2,77,778.1,0.0,0.074446,,,
01:41:47.455,68.7,77,759.8,0.0,0.042117,,,
01:41:47.497,69.0,77,764.0,0.0,0.041888,,,
01:41:47.541,69.5,76,728.1,0.0,0.043952,,,
01:41:47.583,70.2,76,763.1,0.0,0.041933,,,
01:41:47.625,70.5,76,766.5,0.0,0.041746,,,
01:41:47.666,71.0,76,771.1,0.0,0.041499,,,
01:41:47.708,71.5,76,769.0,0.0,0.041613,,,
01:41:47.750,71.9,76,766.1,0.0,0.041769,,,
01:41:47.792,72.0,76,762.1,0.0,0.041988,,,
01:41:47.834,72.2,76,758.2,0.0,0.042204,,,
01:41:47.876,72.4,76,758.8,0.0,0.042173,,,
01:41:47.920,72.5,76,727.2,0.0,0.044003,,,
01:41:47.962,73.0,74,760.6,0.0,0.042071,,,
01:41:48.004,73.2,74,764.3,0.0,0.04187,,,
01:41:48.046,73.3,74,762.4,0.0,0.041972,,,
01:41:48.088,73.5,74,757.8,0.0,0.042229,,,
01:41:48.130,74.0,74,759.1,0.0,0.042154,,,
01:41:48.174,74.3,77,742.1,0.0,0.043118,,,
01:41:48.216,74.8,77,755.7,0.0,0.042343,,,
01:41:48.258,75.5,77,758.1,0.0,0.04221,,,
01:41:48.300,75.8,77,760.3,0.0,0.042087,,,
01:41:48.342,76.3,79,760.5,0.0,0.042076,,,
01:41:48.384,76.8,79,765.6,0.0,0.041795,,,
01:41:48.426,77.2,79,764.3,0.0,0.041868,,,
01:41:48.468,77.3,79,758.4,0.0,0.042195,,,
01:41:48.510,77.5,79,755.3,0.0,0.042368,,,
01:41:48.553,77.6,76,759.1,0.0,0.042157,,,
01:41:48.595,77.8,76,753.2,0.0,0.042485,,,
01:41:48.638,73.0,76,755.4,0.0,0.042362,,,
01:41:48.640,,,,,,True,1,
01:41:48.670,73.2,76,272.5,306.549323,0.0,,,
01:41:48.712,73.3,76,770.6,0.0,0.074552,,,
01:41:48.755,73.5,77,753.1,0.0,0.04249,,,
01:41:48.797,73.7,77,758.1,0.0,0.042211,,,
01:41:48.839,74.2,77,756.6,0.0,0.042294,,,
01:41:48.881,74.3,77,766.9,0.0,0.041724,,,
01:41:48.922,74.8,77,765.4,0.0,0.041807,,,
01:41:48.965,75.5,76,759.6,0.0,0.042128,,,
01:41:49.007,76.0,76,759.8,0.0,0.042118,,,
01:41:49.049,76.5,76,758.4,0.0,0.042196,,,
01:41:49.092,77.0,76,752.5,0.0,0.042526,,,
01:41:49.136,77.3,79,750.9,0.0,0.042618,,,
01:41:49.178,77.5,79,734.9,0.0,0.043542,,,
01:41:49.220,77.6,79,753.9,0.0,0.042447,,,
01:41:49.262,77.8,79,758.5,0.0,0.042186,,,
01:41:49.304,78.0,79,761.5,0.0,0.042022,,,
01:41:49.346,78.5,77,763.2,0.0,0.041929,,,
01:41:49.388,73.3,77,759.8,0.0,0.042115,,,
01:41:49.390,,,,,,True,1,
01:41:49.421,73.5,77,273.7,307.300065,0.0,,,
01:41:49.462,73.7,77,782.4,0.0,0.073785,,,
01:41:49.504,73.8,77,760.0,0.0,0.042104,,,
01:41:49.546,74.3,78,757.6,0.0,0.042241,,,
01:41:49.589,69.2,78,760.8,0.0,0.042062,,,
01:41:49.591,,,,,,True,1,
01:41:49.621,69.4,78,275.3,307.50004,0.0,,,
01:41:49.661,69.7,78,796.1,0.0,0.072881,,,
01:41:49.703,70.4,78,769.1,0.0,0.041609,,,
01:41:49.744,70.9,78,770.4,0.0,0.041538,,,
01:41:49.786,71.5,78,770.1,0.0,0.041555,,,
01:41:49.828,71.9,78,770.4,0.0,0.041534,,,
01:41:49.869,72.2,78,763.6,0.0,0.041909,,,
01:41:49.911,72.4,78,767.4,0.0,0.041701,,,
01:41:49.953,72.7,76,761.5,0.0,0.042021,,,
01:41:49.996,72.8,76,755.6,0.0,0.042351,,,
01:41:50.038,73.0,76,758.1,0.0,0.042212,,,
01:41:50.080,73.5,76,762.4,0.0,0.041972,,,
01:41:50.122,73.7,76,765.2,0.0,0.041818,,,
01:41:50.163,73.8,76,765.0,0.0,0.041833,,,
01:41:50.206,74.0,76,751.1,0.0,0.042605,,,
01:41:50.249,74.5,76,745.5,0.0,0.042924,,,
01:41:50.292,74.7,76,742.3,0.0,0.043107,,,
01:41:50.335,75.0,78,748.3,0.0,0.042761,,,
01:41:50.377,75.7,78,758.3,0.0,0.042199,,,
01:41:50.419,70.9,78,755.6,0.0,0.042349,,,
01:41:50.421,,,,,,True,1,
01:41:50.452,71.0,78,276.2,308.330796,0.0,,,
01:41:50.493,71.7,78,780.0,0.0,0.073606,,,
01:41:50.535,72.0,78,757.0,0.0,0.042274,,,
01:41:50.577,72.4,78,765.0,0.0,0.041831,,,
01:41:50.619,72.5,78,765.7,0.0,0.041791,,,
01:41:50.660,72.7,78,768.4,0.0,0.041646,,,
01:41:50.702,67.5,78,769.8,0.0,0.041569,,,
01:41:50.704,,,,,,True,1,
01:41:50.735,67.7,77,277.8,308.613309,0.0,,,
01:41:50.776,67.9,77,778.1,0.0,0.073519,,,
01:41:50.817,68.5,77,764.8,0.0,0.041841,,,
01:41:50.859,68.7,77,770.0,0.0,0.041556,,,
01:41:50.900,63.6,77,772.6,0.0,0.04142,,,
01:41:50.902,,,,,,True,1,
01:41:50.935,63.7,78,277.5,308.81166,0.0,,,
01:41:50.976,63.7,78,751.3,0.0,0.075023,,,
01:41:51.017,64.2,78,767.9,0.0,0.04167,,,
01:41:51.058,64.4,78,776.7,0.0,0.041201,,,
01:41:51.099,64.9,78,778.5,0.0,0.041107,,,
01:41:51.140,65.4,77,782.5,0.0,0.040896,,,
01:41:51.181,65.9,77,778.4,0.0,0.041111,,,
01:41:51.222,66.6,77,777.8,0.0,0.041141,,,
01:41:51.264,67.1,77,774.3,0.0,0.041329,,,
01:41:51.306,67.4,77,765.8,0.0,0.041786,,,
01:41:51.347,67.5,76,773.8,0.0,0.041355,,,
01:41:51.389,67.7,76,763.3,0.0,0.041925,,,
01:41:51.431,67.9,76,765.8,0.0,0.041788,,,
01:41:51.472,62.7,76,773.1,0.0,0.041392,,,
01:41:51.474,,,,,,True,1,
01:41:51.503,62.9,76,281.5,309.382906,0.0,,,
01:41:51.542,63.6,79,834.1,0.0,0.070335,,,
01:41:51.584,63.7,79,780.7,0.0,0.04099,,,
01:41:51.624,63.9,79,781.4,0.0,0.040951,,,
01:41:51.665,63.9,79,783.9,0.0,0.040824,,,
01:41:51.706,64.2,79,782.4,0.0,0.0409,,,
01:41:51.747,64.4,77,776.8,0.0,0.041196,,,
01:41:51.789,64.9,77,774.6,0.0,0.041314,,,
01:41:51.830,65.6,77,774.2,0.0,0.041331,,,
01:41:51.872,66.1,77,766.8,0.0,0.041733,,,
01:41:51.913,66.7,77,777.1,0.0,0.041178,,,
01:41:51.955,67.2,75,769.3,0.0,0.041598,,,
01:41:51.997,67.5,75,762.5,0.0,0.041968,,,
01:41:52.039,67.7,75,760.2,0.0,0.042093,,,
01:41:52.080,67.9,75,771.5,0.0,0.04148,,,
01:41:52.121,68.0,75,771.7,0.0,0.041466,,,
01:41:52.163,68.2,75,771.6,0.0,0.041473,,,
01:41:52.205,66.6,75,769.5,0.0,0.041586,,,
01:41:52.207,,,,,,True,1,
01:41:52.237,66.7,75,276.5,310.115858,0.0,,,
01:41:52.277,66.9,75,798.5,0.0,0.072628,,,
01:41:52.319,67.1,75,772.4,0.0,0.04143,,,
01:41:52.360,67.1,78,774.3,0.0,0.041325,,,
01:41:52.401,67.2,78,776.4,0.0,0.041219,,,
01:41:52.442,67.4,78,775.8,0.0,0.041245,,,
01:41:52.484,67.9,78,776.4,0.0,0.041217,,,
01:41:52.525,68.5,78,774.7,0.0,0.041308,,,
01:41:52.566,69.2,77,775.6,0.0,0.04126,,,
01:41:52.608,69.9,77,767.7,0.0,0.041683,,,
01:41:52.650,70.4,77,765.3,0.0,0.041812,,,
01:41:52.692,70.7,77,766.1,0.0,0.04177,,,
01:41:52.734,70.9,79,768.2,0.0,0.041656,,,
01:41:52.776,70.0,79,751.8,0.0,0.042565,,,
01:41:52.778,,,,,,True,1,
01:41:52.808,70.2,79,276.2,310.686995,0.0,,,
01:41:52.849,70.4,79,792.3,0.0,0.072975,,,
01:41:52.891,70.5,79,768.8,0.0,0.041625,,,
01:41:52.934,71.2,77,762.8,0.0,0.041952,,,
01:41:52.976,71.4,77,733.7,0.0,0.043615,,,
01:41:53.018,71.5,77,763.9,0.0,0.041888,,,
01:41:53.059,70.0,77,766.4,0.0,0.041753,,,
01:41:53.062,,,,,,True,1,
01:41:53.092,70.2,77,277.4,310.970632,0.0,,,
01:41:53.134,70.4,77,780.7,0.0,0.073429,,,
01:41:53.176,70.7,77,748.2,0.0,0.042771,,,
01:41:53.218,71.2,77,758.9,0.0,0.042166,,,
01:41:53.259,71.9,77,770.1,0.0,0.041552,,,
01:41:53.301,72.5,77,770.9,0.0,0.041509,,,
01:41:53.342,73.2,77,773.3,0.0,0.041381,,,
01:41:53.384,73.5,77,773.0,0.0,0.041396,,,
01:41:53.426,74.0,77,763.2,0.0,0.041929,,,
01:41:53.468,74.2,77,756.4,0.0,0.042307,,,
01:41:53.511,70.9,77,746.5,0.0,0.042865,,,
01:41:53.513,,,,,,True,1,
01:41:53.543,71.0,76,272.7,311.422482,0.0,,,
01:41:53.584,71.2,76,786.5,0.0,0.07369,,,
01:41:53.627,71.4,76,759.7,0.0,0.042122,,,
01:41:53.670,72.0,76,748.4,0.0,0.042757,,,
01:41:53.713,66.9,76,744.1,0.0,0.043005,,,
01:41:53.715,,,,,,True,1,
01:41:53.745,67.1,76,271.7,311.624158,0.0,,,
01:41:53.785,67.2,76,801.4,0.0,0.073051,,,
01:41:53.827,67.2,76,775.0,0.0,0.041293,,,
01:41:53.868,67.4,76,772.2,0.0,0.041439,,,
01:41:53.910,67.9,76,772.6,0.0,0.041418,,,
01:41:53.951,68.2,78,768.2,0.0,0.041657,,,
01:41:53.993,68.9,78,766.3,0.0,0.041756,,,
01:41:54.035,69.5,78,761.8,0.0,0.042006,,,
01:41:54.077,67.2,78,760.8,0.0,0.042059,,,
01:41:54.079,,,,,,True,1,
01:41:54.109,67.4,78,276.8,311.988213,0.0,,,
01:41:54.150,67.7,78,797.2,0.0,0.072661,,,
01:41:54.191,68.2,78,771.1,0.0,0.0415,,,
01:41:54.233,68.2,78,766.8,0.0,0.041732,,,
01:41:54.274,68.2,78,773.6,0.0,0.041368,,,
01:41:54.316,68.2,78,771.8,0.0,0.041459,,,
01:41:54.357,68.4,76,772.6,0.0,0.041417,,,
01:41:54.398,69.0,76,773.5,0.0,0.041372,,,
01:41:54.440,69.4,76,771.1,0.0,0.0415,,,
01:41:54.481,69.5,76,771.8,0.0,0.041464,,,
01:41:54.523,69.5,76,770.7,0.0,0.041522,,,
01:41:54.564,69.7,77,770.7,0.0,0.041522,,,
01:41:54.606,69.9,77,771.8,0.0,0.04146,,,
01:41:54.608,,,,,,True,1,
01:41:54.638,70.0,77,275.6,312.517315,0.0,,,
01:41:54.679,70.4,77,796.6,0.0,0.07283,,,
01:41:54.720,71.0,77,773.6,0.0,0.041367,,,
01:41:54.762,71.7,79,772.9,0.0,0.0414,,,
01:41:54.803,72.4,79,771.6,0.0,0.04147,,,
01:41:54.845,69.4,79,767.2,0.0,0.041708,,,
01:41:54.847,,,,,,True,1,
01:41:54.877,69.5,79,278.3,312.755754,0.0,,,
01:41:54.917,70.0,79,798.4,0.0,0.072423,,,
01:41:54.959,70.0,79,773.5,0.0,0.04137,,,
01:41:55.000,70.2,79,773.9,0.0,0.041349,,,
01:41:55.041,70.2,79,771.8,0.0,0.041464,,,
01:41:55.083,70.4,79,769.3,0.0,0.041595,,,
01:41:55.124,71.0,79,771.6,0.0,0.041472,,,
01:41:55.166,71.4,77,773.9,0.0,0.041348,,,
01:41:55.208,71.7,77,762.6,0.0,0.04196,,,
01:41:55.252,71.7,77,740.4,0.0,0.043221,,,
01:41:55.294,71.9,77,752.7,0.0,0.042516,,,
01:41:55.335,72.4,80,765.2,0.0,0.041821,,,
01:41:55.377,72.7,80,768.1,0.0,0.041659,,,
01:41:55.419,73.3,80,768.3,0.0,0.041651,,,
01:41:55.461,74.0,80,757.6,0.0,0.042241,,,
01:41:55.503,74.5,80,758.5,0.0,0.042186,,,
01:41:55.545,74.8,76,756.4,0.0,0.042308,,,
01:41:55.588,75.3,76,749.7,0.0,0.042682,,,
01:41:55.631,75.3,76,751.8,0.0,0.042567,,,
01:41:55.673,75.5,76,757.7,0.0,0.042236,,,
01:41:55.716,75.5,76,752.6,0.0,0.042517,,,
01:41:55.757,75.7,75,760.2,0.0,0.042096,,,
01:41:55.799,76.3,75,765.7,0.0,0.041793,,,
01:41:55.841,76.7,75,765.2,0.0,0.041819,,,
01:41:55.883,77.0,75,763.8,0.0,0.041895,,,
01:41:55.925,77.0,75,762.9,0.0,0.041943,,,
01:41:55.967,74.0,77,754.1,0.0,0.042433,,,
01:41:55.969,,,,,,True,1,
01:41:56.000,74.2,77,271.8,313.879074,0.0,,,
01:41:56.041,74.7,77,786.8,0.0,0.073789,,,
01:41:56.083,75.0,77,764.6,0.0,0.041851,,,
01:41:56.125,75.7,77,765.3,0.0,0.041814,,,
01:41:56.167,76.3,78,761.8,0.0,0.042008,,,
01:41:56.209,76.8,78,754.8,0.0,0.042395,,,
01:41:56.252,71.9,78,753.0,0.0,0.042497,,,
01:41:56.254,,,,,,True,1,
01:41:56.285,72.0,78,270.1,314.163609,0.0,,,
01:41:56.326,72.5,78,786.7,0.0,0.073991,,,
01:41:56.371,72.7,78,713.7,0.0,0.044836,,,
01:41:56.413,72.8,78,761.1,0.0,0.042042,,,
01:41:56.455,72.8,78,761.9,0.0,0.042,,,
01:41:56.497,72.8,78,760.1,0.0,0.042097,,,
01:41:56.538,73.3,79,769.0,0.0,0.041611,,,
01:41:56.580,73.7,79,770.8,0.0,0.041514,,,
01:41:56.621,74.2,79,769.0,0.0,0.04161,,,
01:41:56.663,74.2,79,769.6,0.0,0.04158,,,
01:41:56.705,74.3,79,758.0,0.0,0.042218,,,
01:41:56.747,74.8,76,758.5,0.0,0.04219,,,
01:41:56.790,75.2,76,757.4,0.0,0.042248,,,
01:41:56.832,75.8,76,757.1,0.0,0.042267,,,
01:41:56.874,76.5,76,761.2,0.0,0.042039,,,
01:41:56.916,77.0,76,754.6,0.0,0.042408,,,
01:41:56.958,77.3,76,759.9,0.0,0.042113,,,
01:41:57.001,77.8,76,759.5,0.0,0.042131,,,
01:41:57.043,78.0,76,758.0,0.0,0.042216,,,
01:41:57.085,78.1,76,759.1,0.0,0.042153,,,
01:41:57.127,78.1,76,758.8,0.0,0.042172,,,
01:41:57.171,78.1,77,730.1,0.0,0.043829,,,
01:41:57.214,78.6,77,748.2,0.0,0.042768,,,
01:41:57.257,79.0,77,746.0,0.0,0.042894,,,
01:41:57.299,79.5,77,759.2,0.0,0.042151,,,
01:41:57.341,79.5,78,760.4,0.0,0.042085,,,
01:41:57.383,79.6,78,754.7,0.0,0.042403,,,
01:41:57.426,80.1,78,752.7,0.0,0.042515,,,
01:41:57.469,80.5,78,748.7,0.0,0.042741,,,
01:41:57.512,81.1,78,746.9,0.0,0.042845,,,
01:41:57.554,81.8,76,749.5,0.0,0.042698,,,
01:41:57.597,82.3,76,749.0,0.0,0.042723,,,
01:41:57.639,82.6,76,749.7,0.0,0.042685,,,
01:41:57.682,83.1,76,755.7,0.0,0.042347,,,
01:41:57.724,83.3,76,755.2,0.0,0.042373,,,
01:41:57.767,83.4,76,751.5,0.0,0.042582,,,
01:41:57.810,83.4,76,747.2,0.0,0.042826,,,
01:41:57.853,83.4,76,741.6,0.0,0.043148,,,
01:41:57.895,83.9,76,749.6,0.0,0.042688,,,
01:41:57.938,84.3,81,752.6,0.0,0.042519,,,
01:41:57.981,79.5,81,747.6,0.0,0.042801,,,
01:41:57.983,,,,,,True,1,
01:41:58.013,79.6,81,273.7,315.892213,0.0,,,
01:41:58.055,79.6,81,769.7,0.0,0.074455,,,
01:41:58.097,79.8,81,757.2,0.0,0.042259,,,
01:41:58.140,80.3,78,758.8,0.0,0.042174,,,
01:41:58.182,79.5,78,760.0,0.0,0.042104,,,
01:41:58.184,,,,,,True,1,
01:41:58.214,79.6,78,276.3,316.092874,0.0,,,
01:41:58.256,80.1,78,774.6,0.0,0.073882,,,
01:41:58.298,80.8,78,754.5,0.0,0.042412,,,
01:41:58.340,76.0,79,756.9,0.0,0.042276,,,
01:41:58.342,,,,,,True,1,
01:41:58.372,76.2,79,278.5,316.251172,0.0,,,
01:41:58.414,76.7,79,781.7,0.0,0.073253,,,
01:41:58.456,77.2,79,753.8,0.0,0.042451,,,
01:41:58.498,77.3,79,758.1,0.0,0.04221,,,
01:41:58.540,77.5,78,756.9,0.0,0.042277,,,
01:41:58.583,77.6,78,757.1,0.0,0.042267,,,
01:41:58.625,77.6,78,759.2,0.0,0.042152,,,
01:41:58.668,77.8,78,746.3,0.0,0.042876,,,
01:41:58.670,,,,,,True,1,
01:41:58.701,78.0,78,268.6,316.579833,0.0,,,
01:41:58.743,78.3,77,772.8,0.0,0.074914,,,
01:41:58.785,78.8,77,758.5,0.0,0.042191,,,
01:41:58.828,78.8,77,749.5,0.0,0.042696,,,
01:41:58.870,79.0,77,751.6,0.0,0.042575,,,
01:41:58.914,79.5,77,742.8,0.0,0.043078,,,
01:41:58.956,79.8,75,746.2,0.0,0.042883,,,
01:41:58.999,80.3,75,752.3,0.0,0.042535,,,
01:41:59.042,81.0,75,735.2,0.0,0.043525,,,
01:41:59.085,81.5,75,750.1,0.0,0.042661,,,
01:41:59.128,81.8,75,742.0,0.0,0.043128,,,
01:41:59.171,82.3,77,746.1,0.0,0.042891,,,
01:41:59.214,82.5,77,749.6,0.0,0.042688,,,
01:41:59.256,82.6,77,747.6,0.0,0.042803,,,
01:41:59.299,82.8,77,750.2,0.0,0.042657,,,
01:41:59.342,82.8,79,750.7,0.0,0.042627,,,
01:41:59.385,83.3,79,740.3,0.0,0.043225,,,
01:41:59.429,83.6,79,732.6,0.0,0.043682,,,
01:41:59.472,84.1,79,734.7,0.0,0.043553,,,
01:41:59.515,84.1,79,746.0,0.0,0.042898,,,
01:41:59.559,79.6,75,735.7,0.0,0.043494,,,
01:41:59.561,,,,,,True,1,
01:41:59.591,79.8,75,272.2,317.470068,0.0,,,
01:41:59.634,80.1,75,763.3,0.0,0.074982,,,
01:41:59.677,80.5,75,740.4,0.0,0.043221,,,
01:41:59.720,81.0,75,746.9,0.0,0.042845,,,
01:41:59.763,81.6,77,744.7,0.0,0.04297,,,
01:41:59.806,82.1,77,740.9,0.0,0.043191,,,
01:41:59.849,82.5,77,743.3,0.0,0.043049,,,
01:41:59.892,82.9,77,742.7,0.0,0.043085,,,
01:41:59.935,83.3,80,743.7,0.0,0.043027,,,
01:41:59.978,83.4,80,744.9,0.0,0.042957,,,
01:42:00.021,83.6,80,748.5,0.0,0.042753,,,
01:42:00.063,83.6,80,745.7,0.0,0.042912,,,
01:42:00.107,84.1,80,736.0,0.0,0.043481,,,
01:42:00.151,84.4,75,735.3,0.0,0.04352,,,
01:42:00.194,79.6,75,736.0,0.0,0.043475,,,
01:42:00.196,,,,,,True,1,
01:42:00.227,79.8,75,271.5,318.105608,0.0,,,
01:42:00.270,79.8,75,756.3,0.0,0.075461,,,
01:42:00.313,80.0,75,743.7,0.0,0.043027,,,
01:42:00.355,80.3,76,748.8,0.0,0.042736,,,
01:42:00.397,80.6,76,758.1,0.0,0.04221,,,
01:42:00.440,81.0,76,755.1,0.0,0.042378,,,
01:42:00.482,81.6,76,753.7,0.0,0.042459,,,
01:42:00.524,82.1,76,757.3,0.0,0.042257,,,
01:42:00.570,82.6,77,702.9,0.0,0.045525,,,
01:42:00.613,83.1,77,746.7,0.0,0.042856,,,
01:42:00.656,83.4,77,747.6,0.0,0.042804,,,
01:42:00.698,83.6,77,754.9,0.0,0.042392,,,
01:42:00.741,83.8,79,748.2,0.0,0.042772,,,
01:42:00.784,83.8,79,749.0,0.0,0.042722,,,
01:42:00.827,84.3,79,743.8,0.0,0.043025,,,
01:42:00.870,84.6,79,742.7,0.0,0.043087,,,
01:42:00.913,85.1,79,746.4,0.0,0.042874,,,
01:42:00.956,85.1,76,737.7,0.0,0.043379,,,
01:42:00.999,85.3,76,743.8,0.0,0.043024,,,
01:42:01.042,85.6,76,747.7,0.0,0.042801,,,
01:42:01.085,85.9,76,745.8,0.0,0.042906,,,
01:42:01.132,86.3,78,735.8,0.0,0.04349,,,
01:42:01.174,86.9,78,691.7,0.0,0.046266,,,
01:42:01.217,87.4,78,745.6,0.0,0.04292,,,
01:42:01.261,87.9,78,738.1,0.0,0.043355,,,
01:42:01.304,88.4,78,743.3,0.0,0.043049,,,
01:42:01.347,88.7,77,740.9,0.0,0.043192,,,
01:42:01.390,88.9,77,739.8,0.0,0.043257,,,
01:42:01.434,89.1,77,739.4,0.0,0.043279,,,
01:42:01.477,89.1,77,737.5,0.0,0.043391,,,
01:42:01.520,89.6,77,739.3,0.0,0.043282,,,
01:42:01.564,89.9,75,729.6,0.0,0.04386,,,
01:42:01.608,90.4,75,731.6,0.0,0.043741,,,
01:42:01.652,87.3,75,731.9,0.0,0.043721,,,
01:42:01.654,,,,,,True,1,
01:42:01.684,87.4,75,272.1,319.563017,0.0,,,
01:42:01.726,87.6,75,763.5,0.0,0.074991,,,
01:42:01.770,87.9,79,731.3,0.0,0.043761,,,
01:42:01.814,82.9,79,740.8,0.0,0.043197,,,
01:42:01.816,,,,,,True,1,
01:42:01.846,83.1,79,274.3,319.724681,0.0,,,
01:42:01.888,83.4,79,764.4,0.0,0.074674,,,
01:42:01.932,83.9,80,739.8,0.0,0.043252,,,
01:42:01.975,84.4,80,739.9,0.0,0.04325,,,
01:42:02.018,84.9,80,739.9,0.0,0.043249,,,
01:42:02.061,85.4,80,745.9,0.0,0.042902,,,
01:42:02.104,85.8,80,740.1,0.0,0.043236,,,
01:42:02.147,85.9,76,743.3,0.0,0.043051,,,
01:42:02.191,86.3,76,736.6,0.0,0.043444,,,
01:42:02.233,86.3,76,744.6,0.0,0.042975,,,
01:42:02.276,86.8,76,746.7,0.0,0.042854,,,
01:42:02.319,87.1,76,747.6,0.0,0.042801,,,
01:42:02.362,87.6,76,745.2,0.0,0.042943,,,
01:42:02.405,87.6,76,746.3,0.0,0.042878,,,
01:42:02.449,87.7,76,737.0,0.0,0.043418,,,
01:42:02.492,88.1,76,734.0,0.0,0.043598,,,
01:42:02.536,88.4,80,732.6,0.0,0.043682,,,
01:42:02.579,88.7,80,744.9,0.0,0.042961,,,
01:42:02.622,89.2,80,745.5,0.0,0.042922,,,
01:42:02.665,89.7,80,740.5,0.0,0.043211,,,
01:42:02.709,90.2,80,732.4,0.0,0.043689,,,
01:42:02.752,90.7,76,732.4,0.0,0.043689,,,
01:42:02.795,91.1,76,738.2,0.0,0.04335,,,
01:42:02.839,91.2,76,739.6,0.0,0.043269,,,
01:42:02.882,91.6,76,740.0,0.0,0.043246,,,
01:42:02.925,91.6,76,741.1,0.0,0.04318,,,
01:42:02.970,92.1,77,709.2,0.0,0.045121,,,
01:42:03.014,92.4,77,732.7,0.0,0.043675,,,
01:42:03.057,92.9,77,736.6,0.0,0.043445,,,
01:42:03.101,92.9,77,732.7,0.0,0.043676,,,
01:42:03.144,93.0,79,738.1,0.0,0.043355,,,
01:42:03.189,93.4,79,731.5,0.0,0.043746,,,
01:42:03.233,93.7,79,717.7,0.0,0.044589,,,
01:42:03.277,91.4,79,730.8,0.0,0.043788,,,
01:42:03.279,,,,,,True,1,
01:42:03.309,91.6,79,277.9,321.187352,0.0,,,
01:42:03.352,91.9,77,747.9,0.0,0.07517,,,
01:42:03.396,89.2,77,730.4,0.0,0.04381,,,
01:42:03.398,,,,,,True,1,
01:42:03.428,89.4,77,274.9,321.306664,0.0,,,
01:42:03.471,89.9,77,753.9,0.0,0.075178,,,
01:42:03.515,90.4,77,728.6,0.0,0.043919,,,
01:42:03.558,90.7,78,738.1,0.0,0.043352,,,
01:42:03.602,80.6,78,727.4,0.0,0.043993,,,
01:42:03.604,,,,,,True,2,
01:42:03.638,81.0,78,490.8,321.517027,0.0,,,
01:42:03.683,81.3,78,728.3,0.0,0.08061,,,
01:42:03.724,81.5,78,765.1,0.0,0.041824,,,
01:42:03.769,82.0,76,714.9,0.0,0.044761,,,
01:42:03.812,82.5,76,745.6,0.0,0.042916,,,
01:42:03.855,82.8,76,745.9,0.0,0.042903,,,
01:42:03.898,82.8,76,740.8,0.0,0.043194,,,
01:42:03.941,82.9,78,746.8,0.0,0.04285,,,
01:42:03.984,83.6,78,744.3,0.0,0.042994,,,
01:42:04.027,83.6,78,739.7,0.0,0.043259,,,
01:42:04.071,83.9,78,736.3,0.0,0.04346,,,
01:42:04.114,84.3,78,744.1,0.0,0.043003,,,
01:42:04.156,84.8,75,750.9,0.0,0.042618,,,
01:42:04.199,85.3,75,748.2,0.0,0.04277,,,
01:42:04.242,85.8,75,748.6,0.0,0.042745,,,
01:42:04.284,86.1,75,750.2,0.0,0.042656,,,
01:42:04.330,86.3,79,743.7,0.0,0.043029,,,
01:42:04.373,86.6,79,701.8,0.0,0.045598,,,
01:42:04.416,86.8,79,746.9,0.0,0.042842,,,
01:42:04.459,87.3,79,742.9,0.0,0.043076,,,
01:42:04.502,87.7,79,740.1,0.0,0.043237,,,
01:42:04.546,88.1,77,739.5,0.0,0.043274,,,
01:42:04.589,88.1,77,740.2,0.0,0.043231,,,
01:42:04.632,88.2,77,741.3,0.0,0.04317,,,
01:42:04.675,88.9,77,738.0,0.0,0.043361,,,
01:42:04.718,88.9,77,747.3,0.0,0.042821,,,
01:42:04.761,89.2,76,743.2,0.0,0.043055,,,
01:42:04.804,89.6,76,741.9,0.0,0.043135,,,
01:42:04.848,90.1,76,735.0,0.0,0.043539,,,
01:42:04.892,90.6,76,730.9,0.0,0.043781,,,
01:42:04.935,84.9,80,734.4,0.0,0.043573,,,
01:42:04.937,,,,,,True,2,
01:42:04.968,85.3,80,550.4,322.846313,0.0,,,
01:42:05.010,85.6,80,756.3,0.0,0.075016,,,
01:42:05.053,85.8,80,741.4,0.0,0.043164,,,
01:42:05.096,85.9,80,745.6,0.0,0.042918,,,
01:42:05.139,86.1,78,744.3,0.0,0.042995,,,
01:42:05.182,86.4,78,747.5,0.0,0.042807,,,
01:42:05.225,86.9,78,747.0,0.0,0.042839,,,
01:42:05.270,87.3,78,712.9,0.0,0.044888,,,
01:42:05.313,87.6,78,737.0,0.0,0.043418,,,
01:42:05.356,87.7,75,747.5,0.0,0.042811,,,
01:42:05.399,83.1,75,741.4,0.0,0.04316,,,
01:42:05.401,,,,,,True,1,
01:42:05.432,83.3,75,275.6,323.310223,0.0,,,
01:42:05.474,83.3,75,767.0,0.0,0.074383,,,
01:42:05.516,83.6,75,750.0,0.0,0.042667,,,
01:42:05.559,83.9,78,747.9,0.0,0.042786,,,
01:42:05.604,84.4,78,715.1,0.0,0.044746,,,
01:42:05.647,84.8,78,736.9,0.0,0.043422,,,
01:42:05.691,85.3,78,740.5,0.0,0.043216,,,
01:42:05.733,85.6,79,745.3,0.0,0.042933,,,
01:42:05.776,85.9,79,745.6,0.0,0.042916,,,
01:42:05.819,86.1,79,747.6,0.0,0.042803,,,
01:42:05.862,86.3,79,745.0,0.0,0.042955,,,
01:42:05.905,86.6,79,742.8,0.0,0.043078,,,
01:42:05.949,87.1,76,736.7,0.0,0.043439,,,
01:42:05.992,87.4,76,736.3,0.0,0.043462,,,
01:42:06.036,87.7,76,735.2,0.0,0.043525,,,
01:42:06.079,87.9,76,739.2,0.0,0.043292,,,
01:42:06.122,88.6,76,741.7,0.0,0.043147,,,
01:42:06.166,88.6,75,735.5,0.0,0.043507,,,
01:42:06.209,88.9,75,731.5,0.0,0.043748,,,
01:42:06.253,89.2,75,733.9,0.0,0.0436,,,
01:42:06.297,89.7,75,733.1,0.0,0.043651,,,
01:42:06.340,90.1,80,735.3,0.0,0.043517,,,
01:42:06.384,85.3,80,736.0,0.0,0.043476,,,
01:42:06.386,,,,,,True,1,
01:42:06.416,85.4,80,272.9,324.294787,0.0,,,
01:42:06.458,85.8,80,768.3,0.0,0.074624,,,
01:42:06.501,86.1,80,748.3,0.0,0.042766,,,
01:42:06.544,86.3,78,745.5,0.0,0.042926,,,
01:42:06.587,86.4,78,744.1,0.0,0.043005,,,
01:42:06.630,86.6,78,738.9,0.0,0.043306,,,
01:42:06.673,87.1,78,742.4,0.0,0.043106,,,
01:42:06.716,87.4,78,743.4,0.0,0.043045,,,
01:42:06.759,87.9,76,747.3,0.0,0.042823,,,
01:42:06.802,82.8,76,738.6,0.0,0.043323,,,
01:42:06.804,,,,,,True,1,
01:42:06.835,82.9,76,274.9,324.713459,0.0,,,
01:42:06.876,83.6,76,775.3,0.0,0.074017,,,
01:42:06.919,83.6,76,753.6,0.0,0.042464,,,
01:42:06.962,83.9,78,746.6,0.0,0.042863,,,
01:42:07.005,84.3,78,744.9,0.0,0.042959,,,
01:42:07.048,84.6,78,740.7,0.0,0.043204,,,
01:42:07.091,84.9,78,742.9,0.0,0.043072,,,
01:42:07.134,85.4,80,740.9,0.0,0.043193,,,
01:42:07.177,85.9,80,749.8,0.0,0.04268,,,
01:42:07.220,86.3,80,744.5,0.0,0.042982,,,
01:42:07.264,86.4,80,729.3,0.0,0.043879,,,
01:42:07.307,86.6,80,738.7,0.0,0.043318,,,
01:42:07.351,86.8,75,730.9,0.0,0.043779,,,
01:42:07.395,87.3,75,728.2,0.0,0.043942,,,
01:42:07.438,87.6,75,735.4,0.0,0.043511,,,
01:42:07.482,88.1,75,733.7,0.0,0.043614,,,
01:42:07.527,82.9,77,730.5,0.0,0.043804,,,
01:42:07.529,,,,,,True,1,
01:42:07.559,83.1,77,267.5,325.437624,0.0,,,
01:42:07.601,83.8,77,768.0,0.0,0.07531,,,
01:42:07.644,83.8,77,740.8,0.0,0.043198,,,
01:42:07.687,84.1,77,745.4,0.0,0.042931,,,
01:42:07.730,84.4,79,743.6,0.0,0.043036,,,
01:42:07.773,84.6,79,744.1,0.0,0.043004,,,
01:42:07.816,84.9,79,746.7,0.0,0.042857,,,
01:42:07.859,85.4,79,743.5,0.0,0.043041,,,
01:42:07.903,80.8,79,733.8,0.0,0.043609,,,
01:42:07.905,,,,,,True,1,
01:42:07.935,81.0,76,271.1,325.814135,0.0,,,
01:42:07.978,81.3,76,767.1,0.0,0.074905,,,
01:42:08.020,81.5,76,747.7,0.0,0.042797,,,
01:42:08.064,81.6,76,736.5,0.0,0.043446,,,
01:42:08.108,81.8,76,739.5,0.0,0.04327,,,
01:42:08.150,82.1,77,742.7,0.0,0.043086,,,
01:42:08.193,82.5,77,746.5,0.0,0.042866,,,
01:42:08.236,82.9,77,748.5,0.0,0.04275,,,
01:42:08.279,83.3,77,748.9,0.0,0.042731,,,
01:42:08.321,83.9,77,751.6,0.0,0.042574,,,
01:42:08.364,83.9,76,748.7,0.0,0.042739,,,
01:42:08.407,83.3,76,747.4,0.0,0.042818,,,
01:42:08.409,,,,,,True,1,
01:42:08.439,83.4,76,270.9,326.318122,0.0,,,
01:42:08.481,83.8,76,775.0,0.0,0.074506,,,
01:42:08.524,83.9,76,750.6,0.0,0.042634,,,
01:42:08.568,84.3,79,728.9,0.0,0.043899,,,
01:42:08.611,84.8,79,744.4,0.0,0.042985,,,
01:42:08.658,85.4,79,684.3,0.0,0.046764,,,
01:42:08.701,85.8,79,732.0,0.0,0.043715,,,
01:42:08.745,85.9,76,732.8,0.0,0.043665,,,
01:42:08.789,86.3,76,732.4,0.0,0.043694,,,
01:42:08.832,86.4,76,733.9,0.0,0.0436,,,
01:42:08.878,86.8,76,703.1,0.0,0.045515,,,
01:42:08.920,87.1,76,748.0,0.0,0.042782,,,
01:42:08.963,82.1,75,760.7,0.0,0.042065,,,
01:42:08.965,,,,,,True,1,
01:42:08.996,82.3,75,265.6,326.874597,0.0,,,
01:42:09.038,82.6,75,767.1,0.0,0.0756,,,
01:42:09.081,83.3,75,746.5,0.0,0.042868,,,
01:42:09.126,78.0,75,726.6,0.0,0.044039,,,
01:42:09.128,,,,,,True,1,
01:42:09.159,78.1,78,264.8,327.037195,0.0,,,
01:42:09.201,78.5,78,759.7,0.0,0.076115,,,
01:42:09.246,78.6,78,727.0,0.0,0.044017,,,
01:42:09.289,78.8,78,729.8,0.0,0.043845,,,
01:42:09.332,79.1,78,746.7,0.0,0.042854,,,
01:42:09.374,78.1,78,757.1,0.0,0.042265,,,
01:42:09.376,,,,,,True,1,
01:42:09.406,78.3,78,276.2,327.284863,0.0,,,
01:42:09.448,79.0,78,771.3,0.0,0.074071,,,
01:42:09.491,79.3,78,748.0,0.0,0.042782,,,
01:42:09.533,79.6,78,754.1,0.0,0.042436,,,
01:42:09.576,74.7,78,757.1,0.0,0.042267,,,
01:42:09.578,,,,,,True,1,
01:42:09.608,74.8,78,276.8,327.48633,0.0,,,
01:42:09.650,75.0,78,776.5,0.0,0.073723,,,
01:42:09.692,75.2,78,753.5,0.0,0.042467,,,
01:42:09.734,70.2,78,761.9,0.0,0.041998,,,
01:42:09.736,,,,,,True,1,
01:42:09.766,70.4,78,278.1,327.644347,0.0,,,
01:42:09.807,70.9,78,784.2,0.0,0.073166,,,
01:42:09.849,71.0,78,767.5,0.0,0.041694,,,
01:42:09.891,71.7,78,765.9,0.0,0.041783,,,
01:42:09.932,71.7,78,765.7,0.0,0.041792,,,
01:42:09.974,72.0,78,759.9,0.0,0.042113,,,
01:42:10.017,72.2,78,759.2,0.0,0.042151,,,
01:42:10.058,72.4,78,764.8,0.0,0.041842,,,
01:42:10.101,72.8,78,757.5,0.0,0.042247,,,
01:42:10.146,73.3,76,725.6,0.0,0.044102,,,
01:42:10.189,74.0,76,721.0,0.0,0.044384,,,
01:42:10.232,74.3,76,745.1,0.0,0.042946,,,
01:42:10.275,74.7,76,748.2,0.0,0.042772,,,
01:42:10.317,75.0,76,758.2,0.0,0.042207,,,
01:42:10.359,75.2,73,763.5,0.0,0.041912,,,
01:42:10.401,75.3,73,760.5,0.0,0.042077,,,
01:42:10.443,75.7,73,762.5,0.0,0.041968,,,
01:42:10.485,76.2,73,763.2,0.0,0.04193,,,
01:42:10.528,76.3,79,758.3,0.0,0.042199,,,
01:42:10.571,77.0,79,740.5,0.0,0.043215,,,
01:42:10.613,77.0,79,751.8,0.0,0.042562,,,
01:42:10.655,77.3,79,763.2,0.0,0.041929,,,
01:42:10.697,77.5,79,764.8,0.0,0.04184,,,
01:42:10.738,77.6,77,764.6,0.0,0.041852,,,
01:42:10.780,78.1,77,764.4,0.0,0.041865,,,
01:42:10.823,78.6,77,758.4,0.0,0.042193,,,
01:42:10.865,79.3,77,752.0,0.0,0.042552,,,
01:42:10.908,76.7,77,745.9,0.0,0.042902,,,
01:42:10.910,,,,,,True,1,
01:42:10.940,76.8,76,275.1,328.818881,0.0,,,
01:42:10.981,77.2,76,784.9,0.0,0.07349,,,
01:42:11.024,77.5,76,755.8,0.0,0.042339,,,
01:42:11.067,77.6,76,750.9,0.0,0.042616,,,
01:42:11.109,77.8,76,753.4,0.0,0.042473,,,
01:42:11.151,78.1,77,753.3,0.0,0.042482,,,
01:42:11.196,78.6,77,719.4,0.0,0.044484,,,
01:42:11.238,78.8,77,754.0,0.0,0.042442,,,
01:42:11.281,79.6,77,758.6,0.0,0.042182,,,
01:42:11.323,79.6,77,752.3,0.0,0.042534,,,
01:42:11.367,80.0,76,738.3,0.0,0.04334,,,
01:42:11.410,80.0,76,749.0,0.0,0.042725,,,
01:42:11.452,80.1,76,748.1,0.0,0.042773,,,
01:42:11.494,80.6,76,756.3,0.0,0.04231,,,
01:42:11.537,81.1,79,755.2,0.0,0.042371,,,
01:42:11.579,81.8,79,754.9,0.0,0.042392,,,
01:42:11.624,82.1,79,715.8,0.0,0.044706,,,
01:42:11.667,82.5,79,737.4,0.0,0.043394,,,
01:42:11.710,82.8,79,748.8,0.0,0.042735,,,
01:42:11.753,82.9,74,746.8,0.0,0.042852,,,
01:42:11.795,83.1,74,753.1,0.0,0.042489,,,
01:42:11.838,83.4,74,747.9,0.0,0.042789,,,
01:42:11.881,83.9,74,749.6,0.0,0.042687,,,
01:42:11.924,78.8,74,742.8,0.0,0.043082,,,
01:42:11.926,,,,,,True,1,
01:42:11.957,79.0,78,268.4,329.835359,0.0,,,
01:42:11.999,79.8,78,768.9,0.0,0.075145,,,
01:42:12.042,78.1,78,742.0,0.0,0.043126,,,
01:42:12.044,,,,,,True,1,
01:42:12.075,78.3,78,270.6,329.953339,0.0,,,
01:42:12.117,78.6,78,768.5,0.0,0.074896,,,
01:42:12.160,78.6,77,750.4,0.0,0.042646,,,
01:42:12.203,78.6,77,740.8,0.0,0.043197,,,
01:42:12.246,79.1,77,741.9,0.0,0.043135,,,
01:42:12.289,79.6,77,744.7,0.0,0.04297,,,
01:42:12.332,80.5,80,747.2,0.0,0.042824,,,
01:42:12.374,79.6,80,754.1,0.0,0.042437,,,
01:42:12.376,,,,,,True,1,
01:42:12.406,79.8,80,277.0,330.28466,0.0,,,
01:42:12.448,80.3,80,769.3,0.0,0.074083,,,
01:42:12.491,80.6,80,751.0,0.0,0.042608,,,
01:42:12.533,80.8,78,756.7,0.0,0.042291,,,
01:42:12.576,76.3,78,755.3,0.0,0.042369,,,
01:42:12.577,,,,,,True,1,
01:42:12.608,76.5,78,276.2,330.486085,0.0,,,
01:42:12.649,76.8,78,780.4,0.0,0.073587,,,
01:42:12.691,77.3,78,754.7,0.0,0.0424,,,
01:42:12.733,77.5,78,763.0,0.0,0.041939,,,
01:42:12.775,78.3,78,763.0,0.0,0.041941,,,
01:42:12.818,73.2,78,759.9,0.0,0.042109,,,
01:42:12.820,,,,,,True,1,
01:42:12.850,73.3,78,273.7,330.728343,0.0,,,
01:42:12.891,73.7,78,784.1,0.0,0.073693,,,
01:42:12.933,73.7,78,768.2,0.0,0.041653,,,
01:42:12.975,73.8,78,765.5,0.0,0.041802,,,
01:42:13.016,70.2,78,767.5,0.0,0.041692,,,
01:42:13.018,,,,,,True,1,
01:42:13.048,70.4,78,277.9,330.926673,0.0,,,
01:42:13.090,65.4,78,784.6,0.0,0.073171,,,
01:42:13.091,,,,,,True,1,
01:42:13.121,65.6,78,279.2,330.999666,0.0,,,
01:42:13.162,66.4,77,785.0,0.0,0.072993,,,
01:42:13.202,66.6,77,800.5,0.0,0.039973,,,
01:42:13.243,67.2,77,787.6,0.0,0.04063,,,
01:42:13.285,67.5,77,767.5,0.0,0.041695,,,
01:42:13.328,67.5,79,771.5,0.0,0.041475,,,
01:42:13.369,67.7,79,751.3,0.0,0.042595,,,
01:42:13.411,68.0,79,767.2,0.0,0.041711,,,
01:42:13.452,68.7,79,771.5,0.0,0.041479,,,
01:42:13.493,68.9,79,775.4,0.0,0.041267,,,
01:42:13.535,69.7,77,772.8,0.0,0.041407,,,
01:42:13.576,69.7,77,771.8,0.0,0.041463,,,
01:42:13.619,70.0,77,756.5,0.0,0.0423,,,
01:42:13.662,70.0,77,745.2,0.0,0.042939,,,
01:42:13.705,70.2,77,739.1,0.0,0.043293,,,
01:42:13.747,70.5,74,757.3,0.0,0.042258,,,
01:42:13.789,70.9,74,766.9,0.0,0.041725,,,
01:42:13.831,71.7,74,761.8,0.0,0.042006,,,
01:42:13.872,71.9,74,768.1,0.0,0.041663,,,
01:42:13.914,72.5,74,771.4,0.0,0.041484,,,
01:42:13.955,72.8,76,768.4,0.0,0.041646,,,
01:42:13.997,72.8,76,765.9,0.0,0.04178,,,
01:42:14.039,71.7,76,765.4,0.0,0.041811,,,
01:42:14.041,,,,,,True,1,
01:42:14.071,71.9,76,276.5,331.949556,0.0,,,
01:42:14.112,66.9,76,790.7,0.0,0.073016,,,
01:42:14.114,,,,,,True,1,
01:42:14.144,67.1,79,281.4,332.021986,0.0,,,
01:42:14.185,67.7,79,789.0,0.0,0.072533,,,
01:42:14.226,67.9,79,770.9,0.0,0.041512,,,
01:42:14.268,68.7,79,774.2,0.0,0.041334,,,
01:42:14.309,68.7,79,771.4,0.0,0.041484,,,
01:42:14.350,68.9,78,770.3,0.0,0.041545,,,
01:42:14.392,68.9,78,776.3,0.0,0.041221,,,
01:42:14.433,69.2,78,774.3,0.0,0.041328,,,
01:42:14.474,69.7,78,772.3,0.0,0.041435,,,
01:42:14.516,70.0,78,768.5,0.0,0.041642,,,
01:42:14.558,70.9,77,767.3,0.0,0.041704,,,
01:42:14.599,71.0,77,768.4,0.0,0.041644,,,
01:42:14.641,71.5,77,769.4,0.0,0.041589,,,
01:42:14.683,71.9,77,767.4,0.0,0.041699,,,
01:42:14.727,71.9,79,767.1,0.0,0.041717,,,
01:42:14.769,72.0,79,724.2,0.0,0.044188,,,
01:42:14.811,72.4,79,763.1,0.0,0.041934,,,
01:42:14.852,72.4,79,770.0,0.0,0.041558,,,
01:42:14.854,,,,,,True,1,
01:42:14.884,72.5,79,278.4,332.762381,0.0,,,
01:42:14.927,72.7,78,785.0,0.0,0.073088,,,
01:42:14.969,73.5,78,733.2,0.0,0.043643,,,
01:42:15.011,73.5,78,758.3,0.0,0.0422,,,
01:42:15.053,73.7,78,762.8,0.0,0.041953,,,
01:42:15.097,73.7,78,731.1,0.0,0.043768,,,
01:42:15.139,71.9,76,764.1,0.0,0.041881,,,
01:42:15.141,,,,,,True,1,
01:42:15.171,72.0,76,277.9,333.048935,0.0,,,
01:42:15.211,72.5,76,791.9,0.0,0.072792,,,
01:42:15.253,73.0,76,766.9,0.0,0.041729,,,
01:42:15.295,69.0,76,763.1,0.0,0.041936,,,
01:42:15.297,,,,,,True,1,
01:42:15.327,69.2,79,278.2,333.205343,0.0,,,
01:42:15.368,69.4,79,793.1,0.0,0.072702,,,
01:42:15.410,69.9,79,765.1,0.0,0.041823,,,
01:42:15.451,69.7,79,773.2,0.0,0.041386,,,
01:42:15.453,,,,,,True,1,
01:42:15.483,69.9,79,278.2,333.361231,0.0,,,
01:42:15.527,69.9,78,781.3,0.0,0.07331,,,
01:42:15.569,70.2,78,726.7,0.0,0.044032,,,
01:42:15.610,70.2,78,764.7,0.0,0.041846,,,
01:42:15.652,70.7,78,765.8,0.0,0.041784,,,
01:42:15.694,69.4,78,764.2,0.0,0.041875,,,
01:42:15.696,,,,,,True,1,
01:42:15.730,69.5,75,244.3,333.608556,0.0,,,
01:42:15.771,70.4,75,796.1,0.0,0.077043,,,
01:42:15.813,65.1,75,769.1,0.0,0.041606,,,
01:42:15.815,,,,,,True,1,
01:42:15.845,65.2,75,278.0,333.722712,0.0,,,
01:42:15.887,65.6,75,755.8,0.0,0.074713,,,
01:42:15.929,64.2,79,769.6,0.0,0.04158,,,
01:42:15.931,,,,,,True,1,
01:42:15.961,64.4,79,272.4,333.839652,0.0,,,
01:42:16.002,64.6,79,791.2,0.0,0.073486,,,
01:42:16.044,65.1,79,768.7,0.0,0.041626,,,
01:42:16.086,65.4,79,769.4,0.0,0.041592,,,
01:42:16.127,66.4,77,773.8,0.0,0.041355,,,
01:42:16.169,66.6,77,769.6,0.0,0.04158,,,
01:42:16.210,67.2,77,765.7,0.0,0.041792,,,
01:42:16.252,67.5,77,770.1,0.0,0.041554,,,
01:42:16.295,62.4,77,742.2,0.0,0.043115,,,
01:42:16.297,,,,,,True,1,
01:42:16.328,62.6,75,271.9,334.205797,0.0,,,
01:42:16.369,58.6,75,789.7,0.0,0.073621,,,
01:42:16.371,,,,,,True,1,
01:42:16.401,58.8,75,276.7,334.278818,0.0,,,
01:42:16.441,58.8,75,800.5,0.0,0.072496,,,
01:42:16.482,59.1,75,779.4,0.0,0.041059,,,
01:42:16.524,59.1,77,785.1,0.0,0.040758,,,
01:42:16.526,,,,,,True,1,
01:42:16.556,59.3,77,271.2,334.433779,0.0,,,
01:42:16.598,59.8,77,769.0,0.0,0.074802,,,
01:42:16.638,59.8,77,783.0,0.0,0.04087,,,
01:42:16.680,60.1,77,778.8,0.0,0.041091,,,
01:42:16.721,60.3,77,775.4,0.0,0.041268,,,
01:42:16.763,59.4,76,760.3,0.0,0.042091,,,
01:42:16.765,,,,,,True,1,
01:42:16.795,59.6,76,274.6,334.673473,0.0,,,
01:42:16.835,60.1,76,814.3,0.0,0.072073,,,
01:42:16.876,60.4,76,789.5,0.0,0.040532,,,
01:42:16.916,60.4,76,783.6,0.0,0.040837,,,
01:42:16.918,,,,,,True,1,
01:42:16.949,60.6,77,277.4,334.826565,0.0,,,
01:42:16.989,60.8,77,797.8,0.0,0.072556,,,
01:42:17.030,61.3,77,782.7,0.0,0.040882,,,
01:42:17.071,61.6,77,784.2,0.0,0.040805,,,
01:42:17.111,61.6,77,782.9,0.0,0.040872,,,
01:42:17.152,61.9,78,786.3,0.0,0.040699,,,
01:42:17.193,61.9,78,786.7,0.0,0.040676,,,
01:42:17.234,62.3,78,786.9,0.0,0.040667,,,
01:42:17.274,62.7,78,787.3,0.0,0.040645,,,
01:42:17.315,63.2,78,788.3,0.0,0.040596,,,
01:42:17.355,63.2,77,787.4,0.0,0.040638,,,
01:42:17.397,63.6,77,778.8,0.0,0.04109,,,
01:42:17.438,58.4,77,778.8,0.0,0.041091,,,
01:42:17.440,,,,,,True,1,
01:42:17.470,58.6,77,277.3,335.347775,0.0,,,
01:42:17.512,58.8,77,767.7,0.0,0.07414,,,
01:42:17.553,59.3,77,773.4,0.0,0.041377,,,
01:42:17.594,59.6,77,778.8,0.0,0.041091,,,
01:42:17.635,60.8,77,783.2,0.0,0.040858,,,
01:42:17.676,60.8,77,784.6,0.0,0.040786,,,
01:42:17.717,61.3,77,784.9,0.0,0.040768,,,
01:42:17.757,61.6,76,785.0,0.0,0.040765,,,
01:42:17.798,61.8,76,784.3,0.0,0.040802,,,
01:42:17.839,62.1,76,774.9,0.0,0.041297,,,
01:42:17.881,62.1,76,777.9,0.0,0.041138,,,
01:42:17.922,62.4,76,782.8,0.0,0.040879,,,
01:42:17.963,62.9,78,775.6,0.0,0.041261,,,
01:42:18.006,61.1,78,740.3,0.0,0.043226,,,
01:42:18.008,,,,,,True,1,
01:42:18.039,61.3,78,270.9,335.916906,0.0,,,
01:42:18.079,61.3,78,795.6,0.0,0.073442,,,
01:42:18.121,61.6,78,775.9,0.0,0.041241,,,
01:42:18.163,61.8,76,763.9,0.0,0.04189,,,
01:42:18.204,61.9,76,774.2,0.0,0.041331,,,
01:42:18.246,62.4,76,773.0,0.0,0.041399,,,
01:42:18.287,62.7,76,773.4,0.0,0.041374,,,
01:42:18.329,63.9,78,771.9,0.0,0.041455,,,
01:42:18.369,64.1,78,773.6,0.0,0.041365,,,
01:42:18.411,64.6,78,780.1,0.0,0.04102,,,
01:42:18.451,64.7,78,782.3,0.0,0.040903,,,
01:42:18.492,64.9,78,784.0,0.0,0.040818,,,
01:42:18.533,65.2,77,784.0,0.0,0.040815,,,
01:42:18.574,65.2,77,784.0,0.0,0.040817,,,
01:42:18.615,65.6,77,781.0,0.0,0.040972,,,
01:42:18.656,66.1,77,772.6,0.0,0.041419,,,
01:42:18.698,66.6,77,767.3,0.0,0.041705,,,
01:42:18.740,66.6,76,767.0,0.0,0.04172,,,
01:42:18.782,61.6,76,766.3,0.0,0.041761,,,
01:42:18.784,,,,,,True,1,
01:42:18.814,61.8,76,270.7,336.69236,0.0,,,
01:42:18.854,61.9,76,810.3,0.0,0.07274,,,
01:42:18.895,62.1,76,785.7,0.0,0.040727,,,
01:42:18.936,62.6,78,785.4,0.0,0.040741,,,
01:42:18.977,62.9,78,780.0,0.0,0.041023,,,
01:42:19.018,60.3,78,778.7,0.0,0.041094,,,
01:42:19.020,,,,,,True,1,
01:42:19.050,60.4,78,275.4,336.928105,0.0,,,
01:42:19.090,60.6,78,810.2,0.0,0.072183,,,
01:42:19.131,61.1,79,784.3,0.0,0.040802,,,
01:42:19.172,61.3,79,782.2,0.0,0.040909,,,
01:42:19.212,61.4,79,786.8,0.0,0.04067,,,
01:42:19.253,61.8,79,786.9,0.0,0.040665,,,
01:42:19.294,61.8,79,786.0,0.0,0.040711,,,
01:42:19.334,62.1,77,787.3,0.0,0.040647,,,
01:42:19.375,62.7,77,787.5,0.0,0.040633,,,
01:42:19.416,63.2,77,783.2,0.0,0.04086,,,
01:42:19.457,63.2,77,775.7,0.0,0.041254,,,
01:42:19.499,63.6,77,772.0,0.0,0.041453,,,
01:42:19.540,63.7,76,774.1,0.0,0.04134,,,
01:42:19.582,63.9,76,766.0,0.0,0.041773,,,
01:42:19.624,64.4,76,767.5,0.0,0.041693,,,
01:42:19.666,64.7,76,762.9,0.0,0.041948,,,
01:42:19.707,65.7,76,772.6,0.0,0.041419,,,
01:42:19.748,65.9,75,775.5,0.0,0.041265,,,
01:42:19.789,66.4,75,779.9,0.0,0.041029,,,
01:42:19.831,65.4,75,777.7,0.0,0.041147,,,
01:42:19.833,,,,,,True,1,
01:42:19.863,65.6,75,270.3,337.741094,0.0,,,
01:42:19.904,65.7,75,788.4,0.0,0.073879,,,
01:42:19.946,66.1,78,773.7,0.0,0.04136,,,
01:42:19.987,66.1,78,770.5,0.0,0.041531,,,
01:42:20.029,66.4,78,768.9,0.0,0.04162,,,
01:42:20.070,66.9,78,774.7,0.0,0.041306,,,
01:42:20.111,67.4,78,776.8,0.0,0.041193,,,
01:42:20.153,67.4,76,770.4,0.0,0.041539,,,
01:42:20.194,67.9,76,764.8,0.0,0.041839,,,
01:42:20.238,68.0,76,744.8,0.0,0.042966,,,
01:42:20.281,68.2,76,738.9,0.0,0.043308,,,
01:42:20.325,68.7,76,761.8,0.0,0.042007,,,
01:42:20.367,65.9,76,723.6,0.0,0.044226,,,
01:42:20.370,,,,,,True,1,
01:42:20.399,66.1,76,272.5,338.277585,0.0,,,
01:42:20.440,66.9,76,801.1,0.0,0.07297,,,
01:42:20.482,67.1,76,766.6,0.0,0.041742,,,
01:42:20.525,67.5,77,760.4,0.0,0.042083,,,
01:42:20.567,67.7,77,742.0,0.0,0.043127,,,
01:42:20.609,67.9,77,768.0,0.0,0.041664,,,
01:42:20.650,68.2,77,774.5,0.0,0.041318,,,
01:42:20.691,68.2,77,776.7,0.0,0.041202,,,
01:42:20.732,68.7,77,778.6,0.0,0.041099,,,
01:42:20.773,69.2,77,776.5,0.0,0.04121,,,
01:42:20.815,69.7,77,775.6,0.0,0.04126,,,
01:42:20.856,69.7,77,769.5,0.0,0.041586,,,
01:42:20.899,70.2,77,750.7,0.0,0.042629,,,
01:42:20.941,70.4,76,764.6,0.0,0.041852,,,
01:42:20.983,65.2,76,758.1,0.0,0.042208,,,
01:42:20.985,,,,,,True,1,
01:42:21.016,65.4,76,272.0,338.893586,0.0,,,
01:42:21.056,65.9,76,794.8,0.0,0.073354,,,
01:42:21.097,66.2,76,777.2,0.0,0.041172,,,
01:42:21.139,67.1,78,770.5,0.0,0.04153,,,
01:42:21.181,67.2,78,769.2,0.0,0.0416,,,
01:42:21.222,67.5,78,769.3,0.0,0.041594,,,
01:42:21.264,67.7,78,772.4,0.0,0.04143,,,
01:42:21.305,67.9,78,768.4,0.0,0.041644,,,
01:42:21.347,68.4,76,767.0,0.0,0.041723,,,
01:42:21.389,68.4,76,769.5,0.0,0.041587,,,
01:42:21.430,68.9,76,774.8,0.0,0.041302,,,
01:42:21.471,69.4,76,772.4,0.0,0.041429,,,
01:42:21.513,69.9,76,775.7,0.0,0.041254,,,
01:42:21.554,69.9,77,769.0,0.0,0.041614,,,
01:42:21.596,70.4,77,760.7,0.0,0.042068,,,
01:42:21.638,70.5,77,765.6,0.0,0.041795,,,
01:42:21.680,70.7,77,759.9,0.0,0.04211,,,
01:42:21.725,71.2,78,766.2,0.0,0.041764,,,
01:42:21.767,71.5,78,719.1,0.0,0.044502,,,
01:42:21.808,72.4,78,764.1,0.0,0.041881,,,
01:42:21.850,72.5,78,766.8,0.0,0.041732,,,
01:42:21.892,72.8,78,767.9,0.0,0.041671,,,
01:42:21.934,73.0,77,762.3,0.0,0.041978,,,
01:42:21.976,73.2,77,761.1,0.0,0.042045,,,
01:42:22.018,73.7,77,761.4,0.0,0.042028,,,
01:42:22.060,73.7,77,758.0,0.0,0.042219,,,
01:42:22.103,74.2,77,752.4,0.0,0.042529,,,
01:42:22.145,74.7,75,758.1,0.0,0.042212,,,
01:42:22.187,75.2,75,758.5,0.0,0.04219,,,
01:42:22.229,75.2,75,759.4,0.0,0.04214,,,
01:42:22.271,70.4,75,763.4,0.0,0.04192,,,
01:42:22.273,,,,,,True,1,
01:42:22.303,70.5,75,276.6,340.18103,0.0,,,
01:42:22.345,70.7,78,782.9,0.0,0.073414,,,
01:42:22.386,70.9,78,765.8,0.0,0.041788,,,
01:42:22.428,71.4,78,763.7,0.0,0.041903,,,
01:42:22.470,71.7,78,770.3,0.0,0.041542,,,
01:42:22.511,72.4,78,770.3,0.0,0.041545,,,
01:42:22.554,72.5,76,738.3,0.0,0.043341,,,
01:42:22.597,72.8,76,755.0,0.0,0.042386,,,
01:42:22.639,73.2,76,759.5,0.0,0.042135,,,
01:42:22.681,73.3,76,763.0,0.0,0.041938,,,
01:42:22.725,73.8,79,760.6,0.0,0.042071,,,
01:42:22.767,73.8,79,740.2,0.0,0.043231,,,
01:42:22.809,74.3,79,754.1,0.0,0.042434,,,
01:42:22.851,74.8,79,761.3,0.0,0.042033,,,
01:42:22.892,70.0,79,766.8,0.0,0.041729,,,
01:42:22.894,,,,,,True,1,
01:42:22.925,70.2,77,278.1,340.80232,0.0,,,
01:42:22.966,70.2,77,782.1,0.0,0.073271,,,
01:42:23.008,69.0,77,756.5,0.0,0.042297,,,
01:42:23.010,,,,,,True,1,
01:42:23.040,69.2,77,277.7,340.917918,0.0,,,
01:42:23.081,69.4,77,786.0,0.0,0.073119,,,
01:42:23.125,69.5,78,764.5,0.0,0.041856,,,
01:42:23.167,68.4,78,739.5,0.0,0.043272,,,
01:42:23.169,,,,,,True,1,
01:42:23.199,68.5,78,273.1,341.076687,0.0,,,
01:42:23.240,68.9,78,787.9,0.0,0.073564,,,
01:42:23.282,69.4,78,770.6,0.0,0.041529,,,
01:42:23.324,69.7,77,768.7,0.0,0.041631,,,
01:42:23.366,70.0,77,742.6,0.0,0.043092,,,
01:42:23.408,70.5,77,757.7,0.0,0.042236,,,
01:42:23.450,70.5,77,763.3,0.0,0.041926,,,
01:42:23.492,71.0,77,770.0,0.0,0.041558,,,
01:42:23.533,71.2,77,769.5,0.0,0.041586,,,
01:42:23.575,71.7,77,767.4,0.0,0.041699,,,
01:42:23.617,72.2,77,761.5,0.0,0.042022,,,
01:42:23.661,70.5,77,734.8,0.0,0.043549,,,
01:42:23.663,,,,,,True,1,
01:42:23.694,70.7,77,263.8,341.572222,0.0,,,
01:42:23.735,70.7,76,788.1,0.0,0.074715,,,
01:42:23.777,71.2,76,770.9,0.0,0.041512,,,
01:42:23.819,71.4,76,766.4,0.0,0.041755,,,
01:42:23.861,71.5,76,762.3,0.0,0.041977,,,
01:42:23.903,71.9,76,759.7,0.0,0.042124,,,
01:42:23.945,72.2,75,759.4,0.0,0.042138,,,
01:42:23.988,72.7,75,752.2,0.0,0.042541,,,
01:42:24.030,73.2,75,758.9,0.0,0.042164,,,
01:42:24.071,73.5,75,765.0,0.0,0.041829,,,
01:42:24.113,74.0,75,765.5,0.0,0.041804,,,
01:42:24.155,74.0,76,764.8,0.0,0.04184,,,
01:42:24.197,74.3,76,763.7,0.0,0.0419,,,
01:42:24.239,74.5,76,763.2,0.0,0.041928,,,
01:42:24.281,75.0,76,761.2,0.0,0.042039,,,
01:42:24.324,75.5,79,755.8,0.0,0.042339,,,
01:42:24.366,76.0,79,749.3,0.0,0.042707,,,
01:42:24.409,70.7,79,749.1,0.0,0.042718,,,
01:42:24.411,,,,,,True,1,
01:42:24.441,70.9,79,275.4,342.318803,0.0,,,
01:42:24.485,71.4,79,745.8,0.0,0.075592,,,
01:42:24.527,71.5,77,753.9,0.0,0.042445,,,
01:42:24.569,71.7,77,760.4,0.0,0.042081,,,
01:42:24.611,72.0,77,762.4,0.0,0.041972,,,
01:42:24.653,72.2,77,762.5,0.0,0.041965,,,
01:42:24.695,72.7,77,757.5,0.0,0.042243,,,
01:42:24.737,73.2,76,765.6,0.0,0.041796,,,
01:42:24.779,73.7,76,762.3,0.0,0.04198,,,
01:42:24.821,72.0,76,763.4,0.0,0.041916,,,
01:42:24.823,,,,,,True,1,
01:42:24.853,72.2,76,272.9,342.731046,0.0,,,
01:42:24.894,72.2,76,792.7,0.0,0.073345,,,
01:42:24.935,72.5,78,770.9,0.0,0.04151,,,
01:42:24.977,72.7,78,765.4,0.0,0.041807,,,
01:42:25.019,73.2,78,761.1,0.0,0.042043,,,
01:42:25.278,73.7,53,123.8,0.0,0.25852,,,
01:42:25.324,74.2,16,745.0,0.0,0.042955,,,
01:42:25.366,74.2,16,713.3,0.0,0.044863,,,
01:42:25.408,74.8,16,756.5,0.0,0.0423,,,
01:42:25.450,74.8,16,761.7,0.0,0.042011,,,
01:42:25.492,75.0,16,764.8,0.0,0.041842,,,
01:42:25.534,75.3,77,763.0,0.0,0.04194,,,
01:42:25.576,75.5,77,765.8,0.0,0.041787,,,
01:42:25.618,75.3,77,759.9,0.0,0.042112,,,
01:42:25.620,,,,,,True,1,
01:42:25.650,75.5,77,273.4,343.528,0.0,,,
01:42:25.691,76.0,77,782.2,0.0,0.07383,,,
01:42:25.734,76.5,78,758.7,0.0,0.042178,,,
01:42:25.776,77.0,78,763.9,0.0,0.04189,,,
01:42:25.818,77.0,78,758.4,0.0,0.042194,,,
01:42:25.860,77.3,78,755.4,0.0,0.042364,,,
01:42:25.903,77.3,78,755.8,0.0,0.042337,,,
01:42:25.945,77.8,76,753.7,0.0,0.042457,,,
01:42:25.988,78.5,76,751.3,0.0,0.042595,,,
01:42:26.030,79.0,76,756.8,0.0,0.042283,,,
01:42:26.072,79.0,76,757.0,0.0,0.04227,,,
01:42:26.114,79.6,76,758.5,0.0,0.042191,,,
01:42:26.157,79.6,76,756.0,0.0,0.042331,,,
01:42:26.200,79.8,76,745.3,0.0,0.042936,,,
01:42:26.243,80.1,76,747.0,0.0,0.042837,,,
01:42:26.286,80.3,76,743.0,0.0,0.043067,,,
01:42:26.329,80.8,80,736.0,0.0,0.04348,,,
01:42:26.371,81.3,80,756.9,0.0,0.042277,,,
01:42:26.415,81.8,80,723.4,0.0,0.044235,,,
01:42:26.458,82.3,80,745.8,0.0,0.042907,,,
01:42:26.502,71.7,80,742.5,0.0,0.043097,,,
01:42:26.504,,,,,,True,2,
01:42:26.534,72.0,74,544.3,344.41189,0.0,,,
01:42:26.575,72.4,74,793.0,0.0,0.073421,,,
01:42:26.617,72.4,74,768.0,0.0,0.041667,,,
01:42:26.658,72.8,74,763.6,0.0,0.041908,,,
01:42:26.701,73.5,74,762.5,0.0,0.041965,,,
01:42:26.743,73.7,78,756.9,0.0,0.04228,,,
01:42:26.785,73.7,78,763.8,0.0,0.041895,,,
01:42:26.827,74.3,78,762.3,0.0,0.04198,,,
01:42:26.868,74.7,78,768.7,0.0,0.041626,,,
01:42:26.910,74.8,78,766.4,0.0,0.041754,,,
01:42:26.952,71.0,77,765.6,0.0,0.041796,,,
01:42:26.954,,,,,,True,1,
01:42:26.987,71.2,77,250.8,344.864962,0.0,,,
01:42:27.028,71.4,77,791.7,0.0,0.076307,,,
01:42:27.070,71.9,77,768.8,0.0,0.041625,,,
01:42:27.111,72.4,77,765.6,0.0,0.041795,,,
01:42:27.153,72.8,77,766.9,0.0,0.041724,,,
01:42:27.195,73.3,77,761.0,0.0,0.042051,,,
01:42:27.237,73.3,77,759.5,0.0,0.042135,,,
01:42:27.280,73.7,77,761.6,0.0,0.042018,,,
01:42:27.323,73.8,79,759.8,0.0,0.042118,,,
01:42:27.365,74.3,79,740.2,0.0,0.04323,,,
01:42:27.407,75.0,79,760.4,0.0,0.042084,,,
01:42:27.449,75.2,79,760.3,0.0,0.042089,,,
01:42:27.491,75.2,79,766.1,0.0,0.041772,,,
01:42:27.532,75.8,77,765.5,0.0,0.041805,,,
01:42:27.577,76.2,77,725.1,0.0,0.044132,,,
01:42:27.620,76.3,77,746.9,0.0,0.042842,,,
01:42:27.665,76.5,77,715.5,0.0,0.044726,,,
01:42:27.707,76.7,77,746.0,0.0,0.042895,,,
01:42:27.749,77.2,73,757.7,0.0,0.042231,,,
01:42:27.792,77.6,73,755.8,0.0,0.042337,,,
01:42:27.834,72.8,73,757.6,0.0,0.04224,,,
01:42:27.836,,,,,,True,1,
01:42:27.866,73.0,73,278.0,345.743589,0.0,,,
01:42:27.907,73.5,73,791.3,0.0,0.072817,,,
01:42:27.949,73.5,79,765.2,0.0,0.041817,,,
01:42:27.990,73.8,79,763.5,0.0,0.041914,,,
01:42:28.032,74.0,79,763.8,0.0,0.041894,,,
01:42:28.074,73.0,79,760.8,0.0,0.042063,,,
01:42:28.076,,,,,,True,1,
01:42:28.106,73.2,79,277.9,345.984091,0.0,,,
01:42:28.147,73.8,78,793.1,0.0,0.072739,,,
01:42:28.189,74.0,78,766.8,0.0,0.04173,,,
01:42:28.231,74.2,78,767.7,0.0,0.041685,,,
01:42:28.272,74.8,78,765.6,0.0,0.041795,,,
01:42:28.314,75.2,78,766.5,0.0,0.041749,,,
01:42:28.356,75.3,77,767.2,0.0,0.041708,,,
01:42:28.399,75.5,77,746.0,0.0,0.042896,,,
01:42:28.441,75.8,77,757.5,0.0,0.042246,,,
01:42:28.484,76.3,77,755.0,0.0,0.042382,,,
01:42:28.525,76.8,80,758.4,0.0,0.042195,,,
01:42:28.567,77.3,80,765.5,0.0,0.041801,,,
01:42:28.610,77.6,80,752.4,0.0,0.04253,,,
01:42:28.653,77.6,80,750.8,0.0,0.042619,,,
01:42:28.696,78.0,80,740.4,0.0,0.043218,,,
01:42:28.741,78.1,74,711.0,0.0,0.045005,,,
01:42:28.784,78.5,74,742.6,0.0,0.043094,,,
01:42:28.827,79.1,74,736.1,0.0,0.043473,,,
01:42:28.869,79.3,74,758.8,0.0,0.042173,,,
01:42:28.911,79.5,74,761.8,0.0,0.042005,,,
01:42:28.954,80.1,75,754.3,0.0,0.042425,,,
01:42:28.997,80.5,75,744.1,0.0,0.043003,,,
01:42:29.040,80.6,75,750.4,0.0,0.042643,,,
01:42:29.083,80.8,75,746.0,0.0,0.042896,,,
01:42:29.125,81.1,80,749.9,0.0,0.042675,,,
01:42:29.168,81.6,80,749.6,0.0,0.04269,,,
01:42:29.210,82.1,80,755.7,0.0,0.042343,,,
01:42:29.252,82.6,80,755.5,0.0,0.042359,,,
01:42:29.295,82.9,80,744.3,0.0,0.042996,,,
01:42:29.338,82.9,76,749.1,0.0,0.04272,,,
01:42:29.382,79.3,76,741.3,0.0,0.043166,,,
01:42:29.384,,,,,,True,1,
01:42:29.418,79.5,76,241.4,347.29593,0.0,,,
01:42:29.461,79.6,76,759.7,0.0,0.079414,,,
01:42:29.504,80.0,76,747.1,0.0,0.042831,,,
01:42:29.546,80.6,75,746.2,0.0,0.042881,,,
01:42:29.589,78.1,75,757.1,0.0,0.042268,,,
01:42:29.591,,,,,,True,1,
01:42:29.621,78.3,75,278.2,347.498371,0.0,,,
01:42:29.663,78.5,75,765.0,0.0,0.074183,,,
01:42:29.706,79.1,75,748.7,0.0,0.042743,,,
01:42:29.748,79.5,78,759.5,0.0,0.042133,,,
01:42:29.790,79.8,78,758.7,0.0,0.042177,,,
01:42:29.832,80.0,78,760.0,0.0,0.042104,,,
01:42:29.874,80.3,78,755.2,0.0,0.042371,,,
01:42:29.917,80.8,78,744.4,0.0,0.042985,,,
01:42:29.961,81.5,78,740.4,0.0,0.043218,,,
01:42:30.004,81.8,78,744.6,0.0,0.042977,,,
01:42:30.047,82.1,78,744.1,0.0,0.043002,,,
01:42:30.089,82.1,78,747.4,0.0,0.042813,,,
01:42:30.132,82.5,78,751.5,0.0,0.04258,,,
01:42:30.175,82.6,78,748.0,0.0,0.042779,,,
01:42:30.219,82.9,78,727.7,0.0,0.043974,,,
01:42:30.263,83.4,78,721.8,0.0,0.044336,,,
01:42:30.307,82.9,78,735.6,0.0,0.043504,,,
01:42:30.309,,,,,,True,1,
01:42:30.339,83.1,74,274.0,348.216727,0.0,,,
01:42:30.382,83.1,74,762.1,0.0,0.074842,,,
01:42:30.425,78.5,74,734.5,0.0,0.043568,,,
01:42:30.428,,,,,,True,1,
01:42:30.458,78.6,74,272.0,348.335359,0.0,,,
01:42:30.501,79.0,74,746.9,0.0,0.075933,,,
01:42:30.544,79.3,78,743.8,0.0,0.043022,,,
01:42:30.587,79.5,78,749.2,0.0,0.042712,,,
01:42:30.629,79.8,78,755.5,0.0,0.042357,,,
01:42:30.672,80.1,78,754.6,0.0,0.042407,,,
01:42:30.714,81.0,78,752.3,0.0,0.042539,,,
01:42:30.757,81.3,76,751.9,0.0,0.042557,,,
01:42:30.800,76.5,76,750.8,0.0,0.042621,,,
01:42:30.802,,,,,,True,1,
01:42:30.832,76.7,76,273.7,348.70928,0.0,,,
01:42:30.873,76.7,76,781.8,0.0,0.073812,,,
01:42:30.916,77.0,76,755.5,0.0,0.042357,,,
01:42:30.960,77.2,79,716.2,0.0,0.044682,,,
01:42:31.003,77.5,79,753.3,0.0,0.04248,,,
01:42:31.046,77.8,79,742.8,0.0,0.043079,,,
01:42:31.088,78.0,79,758.8,0.0,0.042174,,,
01:42:31.130,78.0,78,758.6,0.0,0.042181,,,
01:42:31.172,78.8,78,759.5,0.0,0.042135,,,
01:42:31.216,79.1,78,721.8,0.0,0.044333,,,
01:42:31.259,79.5,78,749.4,0.0,0.0427,,,
01:42:31.303,79.6,78,735.4,0.0,0.043514,,,
01:42:31.346,80.0,74,742.8,0.0,0.043081,,,
01:42:31.388,80.3,74,756.9,0.0,0.042277,,,
01:42:31.431,81.1,74,748.9,0.0,0.042732,,,
01:42:31.473,81.5,74,754.0,0.0,0.042442,,,
01:42:31.515,82.0,74,756.7,0.0,0.04229,,,
01:42:31.560,82.0,77,715.0,0.0,0.044758,,,
01:42:31.603,82.3,77,748.4,0.0,0.04276,,,
01:42:31.646,82.5,77,746.9,0.0,0.042846,,,
01:42:31.689,82.8,77,735.8,0.0,0.043489,,,
01:42:31.733,83.1,78,740.3,0.0,0.043226,,,
01:42:31.775,83.3,78,746.7,0.0,0.042854,,,
01:42:31.819,83.3,78,741.3,0.0,0.043169,,,
01:42:31.862,84.1,78,742.1,0.0,0.043124,,,
01:42:31.905,84.4,78,740.1,0.0,0.04324,,,
01:42:31.947,84.8,74,740.0,0.0,0.043243,,,
01:42:31.988,84.9,74,806.8,0.0,0.039663,,,
01:42:32.031,85.3,74,749.6,0.0,0.042688,,,
01:42:32.074,85.6,74,741.3,0.0,0.043168,,,
01:42:32.118,86.4,74,729.9,0.0,0.043841,,,
01:42:32.161,86.8,80,733.1,0.0,0.043649,,,
01:42:32.205,87.3,80,739.0,0.0,0.043299,,,
01:42:32.248,87.3,80,740.8,0.0,0.043199,,,
01:42:32.291,87.6,80,739.9,0.0,0.043247,,,
01:42:32.334,82.5,78,743.4,0.0,0.043043,,,
01:42:32.336,,,,,,True,1,
01:42:32.366,82.6,78,276.0,350.243767,0.0,,,
01:42:32.408,82.9,78,774.8,0.0,0.073914,,,
01:42:32.451,83.3,78,747.2,0.0,0.042828,,,
01:42:32.494,83.4,78,746.1,0.0,0.042891,,,
01:42:32.536,83.4,78,746.1,0.0,0.042887,,,
01:42:32.580,79.3,78,743.5,0.0,0.043039,,,
01:42:32.582,,,,,,True,1,
01:42:32.612,79.5,78,269.7,350.490071,0.0,,,
01:42:32.654,79.8,78,779.1,0.0,0.074448,,,
01:42:32.697,80.1,78,750.3,0.0,0.04265,,,
01:42:32.740,80.5,78,751.9,0.0,0.042561,,,
01:42:32.783,80.8,78,740.8,0.0,0.043199,,,
01:42:32.826,81.1,78,738.1,0.0,0.043353,,,
01:42:32.868,82.0,78,750.2,0.0,0.042658,,,
01:42:32.911,82.3,78,750.3,0.0,0.042651,,,
01:42:32.955,82.9,75,739.5,0.0,0.04327,,,
01:42:32.999,82.9,75,723.3,0.0,0.044245,,,
01:42:33.042,83.3,75,738.3,0.0,0.043343,,,
01:42:33.085,83.4,75,741.7,0.0,0.043143,,,
01:42:33.128,83.8,79,747.3,0.0,0.042822,,,
01:42:33.170,84.1,79,750.8,0.0,0.042622,,,
01:42:33.213,84.1,79,752.5,0.0,0.042526,,,
01:42:33.256,84.1,79,747.7,0.0,0.042798,,,
01:42:33.299,83.9,79,744.8,0.0,0.042967,,,
01:42:33.301,,,,,,True,1,
01:42:33.331,84.1,76,272.5,351.20896,0.0,,,
01:42:33.373,84.4,76,774.3,0.0,0.074359,,,
01:42:33.416,75.8,76,744.5,0.0,0.042984,,,
01:42:33.418,,,,,,True,2,
01:42:33.448,76.2,76,548.1,351.326097,0.0,,,
01:42:33.490,76.5,76,782.7,0.0,0.073728,,,
01:42:33.532,76.8,80,756.5,0.0,0.0423,,,
01:42:33.575,77.0,80,749.9,0.0,0.042672,,,
01:42:33.618,77.6,80,752.6,0.0,0.042519,,,
01:42:33.661,78.0,80,734.6,0.0,0.043559,,,
01:42:33.705,78.8,80,730.2,0.0,0.043825,,,
01:42:33.747,78.8,74,751.3,0.0,0.042591,,,
01:42:33.790,79.0,74,757.5,0.0,0.042245,,,
01:42:33.792,,,,,,True,1,
01:42:33.822,79.1,74,277.9,351.699042,0.0,,,
01:42:33.863,79.3,74,773.9,0.0,0.073734,,,
01:42:33.906,79.6,74,749.7,0.0,0.042684,,,
01:42:33.948,80.0,78,755.2,0.0,0.042374,,,
01:42:33.991,80.0,78,748.6,0.0,0.042744,,,
01:42:34.034,80.0,78,746.7,0.0,0.042856,,,
01:42:34.077,80.6,78,746.0,0.0,0.042895,,,
01:42:34.121,81.0,79,740.4,0.0,0.043217,,,
01:42:34.164,79.1,79,736.9,0.0,0.043426,,,
01:42:34.166,,,,,,True,1,
01:42:34.195,79.3,79,277.6,352.072999,0.0,,,
01:42:34.238,79.6,79,773.9,0.0,0.073776,,,
01:42:34.281,80.0,79,743.3,0.0,0.043049,,,
01:42:34.323,80.1,79,752.7,0.0,0.042513,,,
01:42:34.365,80.8,79,751.8,0.0,0.042562,,,
01:42:34.408,81.0,79,758.4,0.0,0.042192,,,
01:42:34.450,81.8,79,754.1,0.0,0.042436,,,
01:42:34.493,81.8,79,749.1,0.0,0.04272,,,
01:42:34.535,82.3,76,750.4,0.0,0.042642,,,
01:42:34.578,82.5,76,749.8,0.0,0.042679,,,
01:42:34.621,82.8,76,742.0,0.0,0.043125,,,
01:42:34.664,83.1,76,745.4,0.0,0.04293,,,
01:42:34.706,83.1,76,755.6,0.0,0.042351,,,
01:42:34.749,83.1,76,752.7,0.0,0.042513,,,
01:42:34.792,83.8,76,751.7,0.0,0.042572,,,
01:42:34.834,80.6,76,749.7,0.0,0.042686,,,
01:42:34.836,,,,,,True,1,
01:42:34.867,80.8,76,273.3,352.74423,0.0,,,
01:42:34.908,81.3,76,775.6,0.0,0.074185,,,
01:42:34.951,81.6,78,755.6,0.0,0.042353,,,
01:42:34.994,82.0,78,746.0,0.0,0.042897,,,
01:42:35.037,82.1,78,744.0,0.0,0.043011,,,
01:42:35.080,82.8,78,741.0,0.0,0.043182,,,
01:42:35.123,82.9,80,746.5,0.0,0.042869,,,
01:42:35.165,83.8,80,748.3,0.0,0.042762,,,
01:42:35.208,83.9,80,750.8,0.0,0.042621,,,
01:42:35.251,84.4,80,748.4,0.0,0.042756,,,
01:42:35.294,84.6,80,748.4,0.0,0.04276,,,
01:42:35.337,84.8,76,746.5,0.0,0.042864,,,
01:42:35.380,85.1,76,741.0,0.0,0.043186,,,
01:42:35.423,85.1,76,738.9,0.0,0.043306,,,
01:42:35.466,85.1,76,748.2,0.0,0.04277,,,
01:42:35.509,85.8,76,732.5,0.0,0.043687,,,
01:42:35.553,86.1,75,736.7,0.0,0.043437,,,
01:42:35.597,86.6,75,737.4,0.0,0.043395,,,
01:42:35.640,86.9,75,737.3,0.0,0.043404,,,
01:42:35.683,87.3,75,737.5,0.0,0.043391,,,
01:42:35.726,87.4,80,736.7,0.0,0.043438,,,
01:42:35.769,88.1,80,744.2,0.0,0.042998,,,
01:42:35.813,82.9,80,741.9,0.0,0.043135,,,
01:42:35.815,,,,,,True,1,
01:42:35.845,83.1,80,273.6,353.722588,0.0,,,
01:42:35.887,83.9,80,774.3,0.0,0.074223,,,
01:42:35.929,84.1,78,751.1,0.0,0.042602,,,
01:42:35.972,84.6,78,744.9,0.0,0.042956,,,
01:42:36.016,84.8,78,741.1,0.0,0.043177,,,
01:42:36.059,84.8,78,738.4,0.0,0.043339,,,
01:42:36.102,85.1,78,743.4,0.0,0.043048,,,
01:42:36.145,82.8,75,740.8,0.0,0.043196,,,
01:42:36.147,,,,,,True,1,
01:42:36.177,82.9,75,277.5,354.054639,0.0,,,
01:42:36.220,83.1,75,766.4,0.0,0.074178,,,
01:42:36.263,83.8,75,738.7,0.0,0.043319,,,
01:42:36.306,83.9,75,736.5,0.0,0.043446,,,
01:42:36.349,84.4,77,740.0,0.0,0.043242,,,
01:42:36.393,84.8,77,738.7,0.0,0.043321,,,
01:42:36.436,85.1,77,744.1,0.0,0.043005,,,
01:42:36.479,85.3,77,743.8,0.0,0.043023,,,
01:42:36.522,80.8,80,744.4,0.0,0.042989,,,
01:42:36.524,,,,,,True,1,
01:42:36.554,81.0,80,272.3,354.431767,0.0,,,
01:42:36.597,81.1,80,765.0,0.0,0.074883,,,
01:42:36.640,82.0,80,746.9,0.0,0.042846,,,
01:42:36.682,82.1,80,749.0,0.0,0.042722,,,
01:42:36.725,82.6,77,747.4,0.0,0.042816,,,
01:42:36.767,82.8,77,753.2,0.0,0.042486,,,
01:42:36.810,82.8,77,756.4,0.0,0.042308,,,
01:42:36.852,83.1,77,752.1,0.0,0.042547,,,
01:42:36.895,83.3,77,746.0,0.0,0.042893,,,
01:42:36.939,83.4,76,740.1,0.0,0.04324,,,
01:42:36.982,84.1,76,738.6,0.0,0.043325,,,
01:42:37.025,84.3,76,732.9,0.0,0.043659,,,
01:42:37.069,84.8,76,730.9,0.0,0.043782,,,
01:42:37.113,84.9,76,734.6,0.0,0.043563,,,
01:42:37.159,85.3,75,695.7,0.0,0.045994,,,
01:42:37.202,85.4,75,737.1,0.0,0.043415,,,
01:42:37.245,86.3,75,746.3,0.0,0.042877,,,
01:42:37.288,86.4,75,748.8,0.0,0.042738,,,
01:42:37.330,87.3,79,749.1,0.0,0.042719,,,
01:42:37.373,87.4,79,746.3,0.0,0.042877,,,
01:42:37.417,87.9,79,740.5,0.0,0.043217,,,
01:42:37.460,88.1,79,738.1,0.0,0.043354,,,
01:42:37.504,88.1,79,731.9,0.0,0.043721,,,
01:42:37.547,88.4,76,744.7,0.0,0.042971,,,
01:42:37.590,88.6,76,744.4,0.0,0.042987,,,
01:42:37.634,83.4,76,730.1,0.0,0.043833,,,
01:42:37.636,,,,,,True,1,
01:42:37.666,83.6,76,268.9,355.543548,0.0,,,
01:42:37.709,84.3,76,759.1,0.0,0.075629,,,
01:42:37.752,84.4,77,740.1,0.0,0.043239,,,
01:42:37.796,84.9,77,740.7,0.0,0.043201,,,
01:42:37.839,85.1,77,738.1,0.0,0.043354,,,
01:42:37.882,85.3,77,745.6,0.0,0.042917,,,
01:42:37.925,85.4,80,742.6,0.0,0.043092,,,
01:42:37.968,86.3,80,741.6,0.0,0.043152,,,
01:42:38.011,85.1,80,741.8,0.0,0.043141,,,
01:42:38.013,,,,,,True,1,
01:42:38.043,85.3,80,277.2,355.920244,0.0,,,
01:42:38.085,86.1,80,765.6,0.0,0.07427,,,
01:42:38.128,86.3,78,746.6,0.0,0.04286,,,
01:42:38.171,86.8,78,745.6,0.0,0.042918,,,
01:42:38.214,81.6,78,744.2,0.0,0.042997,,,
01:42:38.216,,,,,,True,1,
01:42:38.247,81.8,78,273.3,356.123731,0.0,,,
01:42:38.288,81.8,78,773.9,0.0,0.07428,,,
01:42:38.331,82.1,78,752.4,0.0,0.042529,,,
01:42:38.374,77.5,78,746.7,0.0,0.042854,,,
01:42:38.376,,,,,,True,1,
01:42:38.406,77.6,78,274.9,356.283184,0.0,,,
01:42:38.448,78.0,78,781.6,0.0,0.073684,,,
01:42:38.490,73.2,78,759.0,0.0,0.042162,,,
01:42:38.492,,,,,,True,1,
01:42:38.522,73.3,78,278.8,356.398551,0.0,,,
01:42:38.563,73.5,78,788.7,0.0,0.072853,,,
01:42:38.605,68.7,78,762.0,0.0,0.041997,,,
01:42:38.607,,,,,,True,1,
01:42:38.637,68.9,78,277.3,356.513554,0.0,,,
01:42:38.678,69.0,78,780.9,0.0,0.073431,,,
01:42:38.720,69.2,79,762.4,0.0,0.04197,,,
01:42:38.762,69.2,79,763.8,0.0,0.041896,,,
01:42:38.804,70.0,79,763.8,0.0,0.041893,,,
01:42:38.846,70.2,79,761.9,0.0,0.041999,,,
01:42:38.888,71.2,79,760.2,0.0,0.042096,,,
01:42:38.931,71.4,76,752.1,0.0,0.042549,,,
01:42:38.973,72.0,76,744.4,0.0,0.042985,,,
01:42:39.016,72.2,76,754.4,0.0,0.042419,,,
01:42:39.059,72.2,76,740.4,0.0,0.043218,,,
01:42:39.102,67.2,76,742.3,0.0,0.043111,,,
01:42:39.105,,,,,,True,1,
01:42:39.135,67.4,73,269.9,357.011992,0.0,,,
01:42:39.177,67.5,73,775.4,0.0,0.074615,,,
01:42:39.221,67.9,73,729.0,0.0,0.043893,,,
01:42:39.263,68.4,73,756.4,0.0,0.042308,,,
01:42:39.305,68.5,73,770.4,0.0,0.041539,,,
01:42:39.346,68.9,76,773.7,0.0,0.04136,,,
01:42:39.387,69.0,76,776.9,0.0,0.041188,,,
01:42:39.428,69.2,76,776.6,0.0,0.041203,,,
01:42:39.470,69.4,76,774.0,0.0,0.041344,,,
01:42:39.511,70.2,76,772.8,0.0,0.041407,,,
01:42:39.553,70.4,77,765.6,0.0,0.041799,,,
01:42:39.595,66.1,77,756.7,0.0,0.042287,,,
01:42:39.597,,,,,,True,1,
01:42:39.628,66.2,77,271.6,357.504704,0.0,,,
01:42:39.668,66.4,77,801.7,0.0,0.073049,,,
01:42:39.710,67.1,77,772.5,0.0,0.041423,,,
01:42:39.751,67.2,77,770.7,0.0,0.041518,,,
01:42:39.793,67.2,77,771.0,0.0,0.041505,,,
01:42:39.834,67.4,77,771.6,0.0,0.041472,,,
01:42:39.876,67.5,77,770.4,0.0,0.041538,,,
01:42:39.919,67.9,79,752.4,0.0,0.042533,,,
01:42:39.961,68.5,79,750.3,0.0,0.042649,,,
01:42:40.003,68.7,79,758.2,0.0,0.042203,,,
01:42:40.045,69.0,79,769.5,0.0,0.041587,,,
01:42:40.086,66.9,79,771.0,0.0,0.041505,,,
01:42:40.088,,,,,,True,1,
01:42:40.119,67.1,77,276.4,357.995099,0.0,,,
01:42:40.160,67.2,77,775.0,0.0,0.073857,,,
01:42:40.202,67.4,77,756.9,0.0,0.042275,,,
01:42:40.245,68.2,77,756.4,0.0,0.042308,,,
01:42:40.287,68.4,77,759.5,0.0,0.042132,,,
01:42:40.328,69.2,76,769.8,0.0,0.041567,,,
01:42:40.370,69.4,76,772.1,0.0,0.041446,,,
01:42:40.411,66.6,76,771.5,0.0,0.041478,,,
01:42:40.413,,,,,,True,1,
01:42:40.443,66.7,76,274.9,358.32032,0.0,,,
01:42:40.484,67.1,76,800.8,0.0,0.072701,,,
01:42:40.525,67.1,78,774.0,0.0,0.041345,,,
01:42:40.566,67.1,78,775.7,0.0,0.041254,,,
01:42:40.608,67.2,78,776.8,0.0,0.041196,,,
01:42:40.649,67.5,78,778.7,0.0,0.041095,,,
01:42:40.690,68.2,78,766.6,0.0,0.041743,,,
01:42:40.732,68.4,76,774.5,0.0,0.041317,,,
01:42:40.773,68.9,76,769.5,0.0,0.041587,,,
01:42:40.815,69.0,76,769.9,0.0,0.041563,,,
01:42:40.857,69.2,76,765.5,0.0,0.0418,,,
01:42:40.899,69.4,76,760.0,0.0,0.042104,,,
01:42:40.941,70.2,75,761.1,0.0,0.042047,,,
01:42:40.983,70.4,75,765.4,0.0,0.041808,,,
01:42:41.025,71.2,75,763.5,0.0,0.041911,,,
01:42:41.067,71.4,75,762.0,0.0,0.041993,,,
01:42:41.109,72.0,75,764.7,0.0,0.041845,,,
01:42:41.151,72.4,76,759.7,0.0,0.042125,,,
01:42:41.193,71.5,76,756.5,0.0,0.042299,,,
01:42:41.195,,,,,,True,1,
01:42:41.229,71.7,76,246.6,359.10579,0.0,,,
01:42:41.270,71.7,76,785.9,0.0,0.077211,,,
01:42:41.312,71.9,76,767.3,0.0,0.041706,,,
01:42:41.357,72.0,76,720.9,0.0,0.044389,,,
01:42:41.399,72.7,76,759.6,0.0,0.042126,,,
01:42:41.440,72.8,76,764.7,0.0,0.041847,,,
01:42:41.482,73.3,76,768.6,0.0,0.041634,,,
01:42:41.524,68.2,79,768.6,0.0,0.041634,,,
01:42:41.525,,,,,,True,1,
01:42:41.556,68.4,79,278.4,359.432151,0.0,,,
01:42:41.596,68.7,79,794.8,0.0,0.072587,,,
01:42:41.638,68.9,79,763.2,0.0,0.041927,,,
01:42:41.680,69.7,79,767.0,0.0,0.041722,,,
01:42:41.722,69.9,78,764.2,0.0,0.041877,,,
01:42:41.763,70.5,78,768.8,0.0,0.041623,,,
01:42:41.805,70.7,78,771.7,0.0,0.041464,,,
01:42:41.846,71.4,78,768.9,0.0,0.041618,,,
01:42:41.888,71.9,78,772.7,0.0,0.041415,,,
01:42:41.929,71.9,77,771.4,0.0,0.041485,,,
01:42:41.971,70.9,77,764.7,0.0,0.041847,,,
01:42:41.973,,,,,,True,1,
01:42:42.004,71.0,77,271.9,359.880471,0.0,,,
01:42:42.044,71.2,77,792.8,0.0,0.073465,,,
01:42:42.086,71.4,77,766.4,0.0,0.041755,,,
01:42:42.128,72.0,78,766.1,0.0,0.041771,,,
01:42:42.170,72.2,78,767.6,0.0,0.041686,,,
01:42:42.211,72.7,78,771.0,0.0,0.041507,,,
01:42:42.253,72.7,78,766.3,0.0,0.041759,,,
01:42:42.295,73.0,78,761.3,0.0,0.042032,,,
01:42:42.337,73.3,76,759.7,0.0,0.042121,,,
01:42:42.379,74.2,76,768.0,0.0,0.041669,,,
01:42:42.421,74.3,76,762.4,0.0,0.04197,,,
01:42:42.462,75.0,76,767.4,0.0,0.041702,,,
01:42:42.504,75.2,76,767.4,0.0,0.041701,,,
01:42:42.546,75.8,77,768.0,0.0,0.041666,,,
01:42:42.588,71.0,77,755.9,0.0,0.042333,,,
01:42:42.590,,,,,,True,1,
01:42:42.620,71.2,77,277.1,360.496972,0.0,,,
01:42:42.661,71.2,77,797.1,0.0,0.072628,,,
01:42:42.702,70.2,77,770.9,0.0,0.041507,,,
01:42:42.704,,,,,,True,1,
01:42:42.734,70.4,79,279.4,360.610823,0.0,,,
01:42:42.776,69.7,79,782.4,0.0,0.073117,,,
01:42:42.777,,,,,,True,1,
01:42:42.807,69.9,79,279.4,360.683913,0.0,,,
01:42:42.848,70.0,79,799.7,0.0,0.072223,,,
01:42:42.889,70.5,79,769.9,0.0,0.041563,,,
01:42:42.931,70.7,81,772.1,0.0,0.041448,,,
01:42:42.973,71.2,81,761.4,0.0,0.042027,,,
01:42:43.015,71.4,81,761.4,0.0,0.04203,,,
01:42:43.057,71.7,81,760.1,0.0,0.042097,,,
01:42:43.099,72.0,81,765.5,0.0,0.041803,,,
01:42:43.141,73.0,75,758.7,0.0,0.04218,,,
01:42:43.182,73.2,75,770.8,0.0,0.041513,,,
01:42:43.224,73.8,75,770.5,0.0,0.041532,,,
01:42:43.265,74.0,75,769.8,0.0,0.041571,,,
01:42:43.307,74.7,75,766.1,0.0,0.041769,,,
01:42:43.349,75.0,77,761.7,0.0,0.042012,,,
01:42:43.391,75.0,77,768.4,0.0,0.041647,,,
01:42:43.433,75.0,77,763.8,0.0,0.041895,,,
01:42:43.475,74.3,77,759.6,0.0,0.042125,,,
01:42:43.477,,,,,,True,1,
01:42:43.507,74.5,77,272.6,361.38414,0.0,,,
01:42:43.548,74.7,78,789.9,0.0,0.073524,,,
01:42:43.590,75.2,78,761.2,0.0,0.04204,,,
01:42:43.635,75.3,78,738.7,0.0,0.04332,,,
01:42:43.678,75.7,78,729.3,0.0,0.043877,,,
01:42:43.721,75.8,79,748.2,0.0,0.042768,,,
01:42:43.763,76.2,79,752.6,0.0,0.042521,,,
01:42:43.805,71.2,79,753.1,0.0,0.042493,,,
01:42:43.808,,,,,,True,1,
01:42:43.838,71.4,79,276.1,361.714252,0.0,,,
01:42:43.879,67.7,79,784.0,0.0,0.073417,,,
01:42:43.881,,,,,,True,1,
01:42:43.910,67.9,79,280.6,361.787121,0.0,,,
01:42:43.952,66.2,75,796.3,0.0,0.072258,,,
01:42:43.954,,,,,,True,1,
01:42:43.984,66.4,75,270.0,361.860625,0.0,,,
01:42:44.024,67.1,75,798.3,0.0,0.073418,,,
01:42:44.066,67.2,75,767.4,0.0,0.0417,,,
01:42:44.108,67.7,75,773.5,0.0,0.041369,,,
01:42:44.149,68.0,78,771.1,0.0,0.0415,,,
01:42:44.190,68.0,78,775.9,0.0,0.041241,,,
01:42:44.232,68.2,78,774.2,0.0,0.041335,,,
01:42:44.273,68.4,78,771.1,0.0,0.0415,,,
01:42:44.318,68.7,79,774.4,0.0,0.041321,,,
01:42:44.359,69.2,79,722.3,0.0,0.044306,,,
01:42:44.400,69.4,79,766.2,0.0,0.041763,,,
01:42:44.442,69.7,79,768.7,0.0,0.041626,,,
01:42:44.483,69.9,79,773.9,0.0,0.04135,,,
01:42:44.525,70.2,77,772.3,0.0,0.041436,,,
01:42:44.566,70.5,77,773.7,0.0,0.041362,,,
01:42:44.608,71.5,77,772.2,0.0,0.041439,,,
01:42:44.649,71.7,77,769.7,0.0,0.041573,,,
01:42:44.693,72.4,77,735.6,0.0,0.0435,,,
01:42:44.735,72.5,75,760.7,0.0,0.042069,,,
01:42:44.778,73.0,75,753.8,0.0,0.042449,,,
01:42:44.820,73.3,75,764.0,0.0,0.041883,,,
01:42:44.861,73.3,75,764.0,0.0,0.041884,,,
01:42:44.903,73.5,75,770.6,0.0,0.041528,,,
01:42:44.944,73.7,76,768.5,0.0,0.04164,,,
01:42:44.986,74.0,76,763.6,0.0,0.041904,,,
01:42:45.030,74.5,76,732.4,0.0,0.04369,,,
01:42:45.072,74.7,76,755.0,0.0,0.042382,,,
01:42:45.117,75.0,77,759.5,0.0,0.042135,,,
01:42:45.160,69.9,77,712.2,0.0,0.044929,,,
01:42:45.162,,,,,,True,1,
01:42:45.192,70.0,77,270.7,363.068752,0.0,,,
01:42:45.234,70.4,77,776.8,0.0,0.074446,,,
01:42:45.276,70.7,77,758.4,0.0,0.042194,,,
01:42:45.318,71.7,77,762.4,0.0,0.041972,,,
01:42:45.361,71.9,77,752.0,0.0,0.042556,,,
01:42:45.403,72.4,77,756.0,0.0,0.042331,,,
01:42:45.445,72.5,77,762.1,0.0,0.041987,,,
01:42:45.487,73.0,77,762.7,0.0,0.041956,,,
01:42:45.528,73.5,76,768.0,0.0,0.041665,,,
01:42:45.570,73.5,76,767.6,0.0,0.041687,,,
01:42:45.612,73.7,76,759.2,0.0,0.042147,,,
01:42:45.655,73.8,76,759.8,0.0,0.042115,,,
01:42:45.697,74.2,76,756.7,0.0,0.042286,,,
01:42:45.739,74.7,75,753.7,0.0,0.042454,,,
01:42:45.782,68.4,75,753.5,0.0,0.042466,,,
01:42:45.784,,,,,,True,2,
01:42:45.814,68.7,75,554.1,363.690232,0.0,,,
01:42:45.855,69.0,75,784.0,0.0,0.073303,,,
01:42:45.897,69.2,75,763.4,0.0,0.041918,,,
01:42:45.939,69.4,77,765.6,0.0,0.041798,,,
01:42:45.981,69.7,77,759.8,0.0,0.042115,,,
01:42:46.022,67.5,77,767.9,0.0,0.041674,,,
01:42:46.024,,,,,,True,1,
01:42:46.055,67.7,77,276.7,363.931022,0.0,,,
01:42:46.093,67.9,77,828.7,0.0,0.071144,,,
01:42:46.134,68.2,79,789.2,0.0,0.040548,,,
01:42:46.175,68.7,79,788.0,0.0,0.040611,,,
01:42:46.216,69.2,79,771.2,0.0,0.041496,,,
01:42:46.258,69.7,79,769.1,0.0,0.041608,,,
01:42:46.300,69.7,79,754.1,0.0,0.042437,,,
01:42:46.342,69.9,76,764.7,0.0,0.041846,,,
01:42:46.383,70.2,76,772.3,0.0,0.041437,,,
01:42:46.425,70.5,76,772.4,0.0,0.041431,,,
01:42:46.466,71.0,76,770.9,0.0,0.041509,,,
01:42:46.508,71.2,76,771.5,0.0,0.04148,,,
01:42:46.549,71.5,77,773.3,0.0,0.041383,,,
01:42:46.591,71.7,77,768.9,0.0,0.041616,,,
01:42:46.633,71.9,77,768.5,0.0,0.041637,,,
01:42:46.675,72.2,77,760.0,0.0,0.042103,,,
01:42:46.717,73.0,80,755.5,0.0,0.042355,,,
01:42:46.759,73.2,80,763.1,0.0,0.041935,,,
01:42:46.801,73.5,80,764.5,0.0,0.041856,,,
01:42:46.842,74.0,80,771.5,0.0,0.04148,,,
01:42:46.884,74.5,80,769.0,0.0,0.041611,,,
01:42:46.925,75.0,77,770.9,0.0,0.041512,,,
01:42:46.967,75.0,77,761.8,0.0,0.042004,,,
01:42:47.009,75.2,77,761.1,0.0,0.042043,,,
01:42:47.051,75.5,77,761.6,0.0,0.042019,,,
01:42:47.094,75.8,77,758.3,0.0,0.042202,,,
01:42:47.136,76.3,76,751.8,0.0,0.042566,,,
01:42:47.179,76.5,76,758.3,0.0,0.042201,,,
01:42:47.221,76.8,76,753.8,0.0,0.042449,,,
01:42:47.263,77.0,76,764.7,0.0,0.041845,,,
01:42:47.305,77.2,76,762.7,0.0,0.041955,,,
01:42:47.346,77.5,76,764.5,0.0,0.041856,,,
01:42:47.389,78.3,76,754.8,0.0,0.042398,,,
01:42:47.431,78.5,76,755.8,0.0,0.042337,,,
01:42:47.474,78.8,76,752.1,0.0,0.042548,,,
01:42:47.517,79.3,80,749.9,0.0,0.042675,,,
01:42:47.559,79.8,80,757.1,0.0,0.042265,,,
01:42:47.601,75.0,80,756.0,0.0,0.042327,,,
01:42:47.603,,,,,,True,1,
01:42:47.633,75.2,80,278.5,365.509515,0.0,,,
01:42:47.675,75.2,80,776.4,0.0,0.073538,,,
01:42:47.718,75.3,78,747.2,0.0,0.042826,,,
01:42:47.761,75.7,78,740.1,0.0,0.043235,,,
01:42:47.803,76.0,78,757.0,0.0,0.042273,,,
01:42:47.845,76.3,78,763.8,0.0,0.041897,,,
01:42:47.887,76.5,78,762.5,0.0,0.041969,,,
01:42:47.929,76.8,76,762.4,0.0,0.041971,,,
01:42:47.971,77.2,76,755.9,0.0,0.042332,,,
01:42:48.014,77.3,76,756.1,0.0,0.04232,,,
01:42:48.056,77.6,76,749.0,0.0,0.042726,,,
01:42:48.099,78.5,76,745.3,0.0,0.042938,,,
01:42:48.142,78.6,75,751.2,0.0,0.042599,,,
01:42:48.184,79.0,75,762.1,0.0,0.041991,,,
01:42:48.226,79.5,75,761.5,0.0,0.04202,,,
01:42:48.268,80.0,75,761.2,0.0,0.04204,,,
01:42:48.310,80.5,75,760.8,0.0,0.042063,,,
01:42:48.355,80.5,77,712.9,0.0,0.044888,,,
01:42:48.397,80.6,77,753.6,0.0,0.042463,,,
01:42:48.440,81.0,77,749.1,0.0,0.042717,,,
01:42:48.482,81.3,77,755.7,0.0,0.042347,,,
01:42:48.525,81.6,79,753.8,0.0,0.042453,,,
01:42:48.567,81.8,79,753.5,0.0,0.042469,,,
01:42:48.609,82.1,79,757.4,0.0,0.042251,,,
01:42:48.653,82.5,79,746.8,0.0,0.042847,,,
01:42:48.696,82.6,79,737.5,0.0,0.04339,,,
01:42:48.739,82.9,75,736.6,0.0,0.043444,,,
01:42:48.782,83.8,75,746.0,0.0,0.042897,,,
01:42:48.824,83.9,75,752.8,0.0,0.042508,,,
01:42:48.867,84.3,75,755.5,0.0,0.042358,,,
01:42:48.910,84.8,75,751.7,0.0,0.042572,,,
01:42:48.955,85.3,77,703.6,0.0,0.045478,,,
01:42:48.998,85.8,77,744.5,0.0,0.042982,,,
01:42:49.042,80.5,77,734.6,0.0,0.04356,,,
01:42:49.044,,,,,,True,1,
01:42:49.074,80.6,77,275.0,366.950268,0.0,,,
01:42:49.116,80.8,79,763.4,0.0,0.074645,,,
01:42:49.159,81.1,79,755.5,0.0,0.042354,,,
01:42:49.199,81.5,79,784.6,0.0,0.040785,,,
01:42:49.240,81.8,79,786.3,0.0,0.040696,,,
01:42:49.282,81.8,79,752.3,0.0,0.042534,,,
01:42:49.325,82.1,79,745.3,0.0,0.042936,,,
01:42:49.368,82.5,79,747.7,0.0,0.042795,,,
01:42:49.412,82.8,79,740.4,0.0,0.043218,,,
01:42:49.457,83.1,79,705.1,0.0,0.045382,,,
01:42:49.500,78.6,79,743.3,0.0,0.04305,,,
01:42:49.502,,,,,,True,1,
01:42:49.532,78.8,74,273.8,367.408782,0.0,,,
01:42:49.575,79.0,74,766.2,0.0,0.074631,,,
01:42:49.618,79.3,74,743.7,0.0,0.043028,,,
01:42:49.660,79.8,74,745.1,0.0,0.04295,,,
01:42:49.703,80.3,74,757.8,0.0,0.042229,,,
01:42:49.745,80.6,77,754.6,0.0,0.042409,,,
01:42:49.788,80.6,77,750.4,0.0,0.042645,,,
01:42:49.831,80.8,77,747.3,0.0,0.04282,,,
01:42:49.873,81.3,77,752.3,0.0,0.042538,,,
01:42:49.916,81.6,80,746.5,0.0,0.042868,,,
01:42:49.960,80.6,80,736.8,0.0,0.043428,,,
01:42:49.962,,,,,,True,1,
01:42:49.992,80.8,80,274.5,367.868232,0.0,,,
01:42:50.035,80.8,80,762.5,0.0,0.074754,,,
01:42:50.077,81.1,80,745.2,0.0,0.042944,,,
01:42:50.120,81.5,78,748.9,0.0,0.04273,,,
01:42:50.162,81.8,78,753.1,0.0,0.042492,,,
01:42:50.206,82.1,78,742.1,0.0,0.043118,,,
01:42:50.249,82.9,78,733.2,0.0,0.043647,,,
01:42:50.293,83.1,78,727.9,0.0,0.043965,,,
01:42:50.337,83.3,74,737.1,0.0,0.043416,,,
01:42:50.339,,,,,,True,1,
01:42:50.369,83.4,74,272.3,368.245552,0.0,,,
01:42:50.411,83.9,74,769.4,0.0,0.074646,,,
01:42:50.454,84.4,74,745.7,0.0,0.042913,,,
01:42:50.497,84.6,74,747.1,0.0,0.04283,,,
01:42:50.540,84.6,78,742.9,0.0,0.043076,,,
01:42:50.582,84.8,78,753.6,0.0,0.042465,,,
01:42:50.625,85.1,78,752.6,0.0,0.04252,,,
01:42:50.668,80.1,78,748.8,0.0,0.042734,,,
01:42:50.670,,,,,,True,1,
01:42:50.700,80.3,78,272.8,368.576657,0.0,,,
01:42:50.742,80.8,78,776.8,0.0,0.074189,,,
01:42:50.784,80.8,78,752.7,0.0,0.042515,,,
01:42:50.827,81.1,78,753.6,0.0,0.042465,,,
01:42:50.869,81.5,78,754.4,0.0,0.042418,,,
01:42:50.916,81.6,78,743.8,0.0,0.043022,,,
01:42:50.958,82.0,78,699.1,0.0,0.045776,,,
01:42:51.003,82.8,78,719.3,0.0,0.044485,,,
01:42:51.045,83.1,78,748.4,0.0,0.042758,,,
01:42:51.088,83.6,78,742.3,0.0,0.043109,,,
01:42:51.131,84.1,76,747.0,0.0,0.04284,,,
01:42:51.175,84.6,76,737.8,0.0,0.043373,,,
01:42:51.218,84.8,76,744.0,0.0,0.043012,,,
01:42:51.260,84.8,76,746.2,0.0,0.042882,,,
01:42:51.303,84.9,76,747.5,0.0,0.042811,,,
01:42:51.346,81.6,76,750.4,0.0,0.042647,,,
01:42:51.348,,,,,,True,1,
01:42:51.378,81.8,76,274.2,369.25477,0.0,,,
01:42:51.420,82.0,76,775.0,0.0,0.074115,,,
01:42:51.462,82.5,76,754.0,0.0,0.042441,,,
01:42:51.505,82.5,76,753.0,0.0,0.042497,,,
01:42:51.548,82.8,78,748.3,0.0,0.042762,,,
01:42:51.591,83.1,78,741.9,0.0,0.043135,,,
01:42:51.634,83.3,78,741.9,0.0,0.043133,,,
01:42:51.677,83.6,78,749.3,0.0,0.042708,,,
01:42:51.720,84.6,80,745.4,0.0,0.042931,,,
01:42:51.765,82.9,80,713.0,0.0,0.044878,,,
01:42:51.767,,,,,,True,1,
01:42:51.797,83.1,80,275.7,369.67317,0.0,,,
01:42:51.839,83.6,80,764.1,0.0,0.074524,,,
01:42:51.882,84.1,80,746.3,0.0,0.042877,,,
01:42:51.925,84.6,77,750.3,0.0,0.04265,,,
01:42:51.967,84.8,77,748.4,0.0,0.042755,,,
01:42:52.010,84.8,77,741.8,0.0,0.043136,,,
01:42:52.054,79.6,77,735.8,0.0,0.043489,,,
01:42:52.056,,,,,,True,1,
01:42:52.086,79.8,77,273.6,369.962832,0.0,,,
01:42:52.128,80.0,78,778.2,0.0,0.074017,,,
01:42:52.171,80.3,78,750.3,0.0,0.042649,,,
01:42:52.214,80.8,78,750.5,0.0,0.042639,,,
01:42:52.256,75.5,78,747.2,0.0,0.042827,,,
01:42:52.258,,,,,,True,1,
01:42:52.288,75.7,78,274.1,370.164889,0.0,,,
01:42:52.330,75.8,78,778.5,0.0,0.073944,,,
01:42:52.373,76.2,78,757.1,0.0,0.042266,,,
01:42:52.415,76.3,78,757.5,0.0,0.042247,,,
01:42:52.457,76.8,78,755.1,0.0,0.042379,,,
01:42:52.499,77.6,78,755.0,0.0,0.042383,,,
01:42:52.541,78.0,76,763.6,0.0,0.041906,,,
01:42:52.583,78.5,76,762.2,0.0,0.041983,,,
01:42:52.625,79.1,76,761.7,0.0,0.042009,,,
01:42:52.667,79.6,76,759.9,0.0,0.042113,,,
01:42:52.710,79.8,76,755.4,0.0,0.042364,,,
01:42:52.753,79.8,78,739.5,0.0,0.04327,,,
01:42:52.796,80.0,78,748.0,0.0,0.042778,,,
01:42:52.838,80.1,78,754.6,0.0,0.042405,,,
01:42:52.880,80.5,78,757.3,0.0,0.042254,,,
01:42:52.923,81.0,79,758.3,0.0,0.042198,,,
01:42:52.965,81.0,79,752.7,0.0,0.042511,,,
01:42:53.008,81.1,79,753.7,0.0,0.042455,,,
01:42:53.050,81.5,79,752.1,0.0,0.042548,,,
01:42:53.093,81.6,79,748.9,0.0,0.042727,,,
01:42:53.136,82.1,76,742.9,0.0,0.043073,,,
01:42:53.179,82.9,76,745.9,0.0,0.042899,,,
01:42:53.221,83.3,76,755.6,0.0,0.04235,,,
01:42:53.264,83.8,76,756.1,0.0,0.042321,,,
01:42:53.306,82.0,76,753.7,0.0,0.042459,,,
01:42:53.308,,,,,,True,1,
01:42:53.338,82.1,77,278.2,371.21422,0.0,,,
01:42:53.379,82.6,77,779.9,0.0,0.073378,,,
01:42:53.422,77.5,77,749.1,0.0,0.042719,,,
01:42:53.424,,,,,,True,1,
01:42:53.455,77.6,77,275.3,371.330643,0.0,,,
01:42:53.497,77.6,77,771.1,0.0,0.07419,,,
01:42:53.540,77.8,80,736.8,0.0,0.043429,,,
01:42:53.583,78.0,80,737.1,0.0,0.043416,,,
01:42:53.626,75.5,80,740.6,0.0,0.043209,,,
01:42:53.628,,,,,,True,2,
01:42:53.658,75.8,80,557.4,371.534473,0.0,,,
01:42:53.699,76.2,80,788.8,0.0,0.072861,,,
01:42:53.742,72.5,77,750.8,0.0,0.042621,,,
01:42:53.744,,,,,,True,1,
01:42:53.775,72.7,77,272.8,371.650609,0.0,,,
01:42:53.816,72.8,77,779.9,0.0,0.074015,,,
01:42:53.858,73.2,77,756.8,0.0,0.042282,,,
01:42:53.900,73.3,77,769.5,0.0,0.041586,,,
01:42:53.941,73.8,78,768.1,0.0,0.041664,,,
01:42:53.983,74.3,78,762.8,0.0,0.041952,,,
01:42:54.025,74.8,78,757.8,0.0,0.042226,,,
01:42:54.067,75.3,78,762.3,0.0,0.041979,,,
01:42:54.110,76.2,78,756.0,0.0,0.042326,,,
01:42:54.153,76.7,78,753.2,0.0,0.042488,,,
01:42:54.195,76.8,78,762.0,0.0,0.041996,,,
01:42:54.237,76.8,78,758.4,0.0,0.042194,,,
01:42:54.279,77.0,78,756.4,0.0,0.042307,,,
01:42:54.321,77.2,79,763.3,0.0,0.041921,,,
01:42:54.362,77.5,79,765.2,0.0,0.041819,,,
01:42:54.404,77.8,79,764.4,0.0,0.041862,,,
01:42:54.446,78.0,79,760.5,0.0,0.04208,,,
01:42:54.489,78.1,79,754.5,0.0,0.04241,,,
01:42:54.532,78.5,76,751.7,0.0,0.042572,,,
01:42:54.574,78.6,76,750.7,0.0,0.042625,,,
01:42:54.617,79.1,76,755.0,0.0,0.042386,,,
01:42:54.659,79.6,76,757.4,0.0,0.04225,,,
01:42:54.701,76.3,76,758.5,0.0,0.042186,,,
01:42:54.703,,,,,,True,1,
01:42:54.733,76.5,76,275.1,372.60945,0.0,,,
01:42:54.775,76.8,76,771.5,0.0,0.074193,,,
01:42:54.817,77.6,76,757.7,0.0,0.042235,,,
01:42:54.859,78.1,76,764.6,0.0,0.041853,,,
01:42:54.901,78.3,76,762.9,0.0,0.041945,,,
01:42:54.943,78.3,78,764.3,0.0,0.041869,,,
01:42:54.986,78.5,78,752.0,0.0,0.042552,,,
01:42:55.028,78.6,78,753.8,0.0,0.042451,,,
01:42:55.071,79.1,78,749.7,0.0,0.042681,,,
01:42:55.114,79.5,79,747.2,0.0,0.042825,,,
01:42:55.157,79.6,79,743.6,0.0,0.043032,,,
01:42:55.199,79.8,79,754.8,0.0,0.042398,,,
01:42:55.241,74.8,79,758.8,0.0,0.042172,,,
01:42:55.243,,,,,,True,1,
01:42:55.273,75.0,79,278.3,373.149266,0.0,,,
01:42:55.315,75.2,79,775.9,0.0,0.073586,,,
01:42:55.357,75.7,79,760.3,0.0,0.042089,,,
01:42:55.398,76.2,79,766.7,0.0,0.041738,,,
01:42:55.441,76.7,79,758.6,0.0,0.042185,,,
01:42:55.483,76.8,79,764.5,0.0,0.04186,,,
01:42:55.525,77.6,77,761.6,0.0,0.042017,,,
01:42:55.567,78.1,77,762.5,0.0,0.041968,,,
01:42:55.609,78.5,77,759.0,0.0,0.04216,,,
01:42:55.651,75.3,77,757.9,0.0,0.042223,,,
01:42:55.653,,,,,,True,1,
01:42:55.684,75.5,77,272.1,373.559804,0.0,,,
01:42:55.725,75.7,78,786.9,0.0,0.073737,,,
01:42:55.767,75.8,78,761.7,0.0,0.042011,,,
01:42:55.809,75.7,78,750.9,0.0,0.042618,,,
01:42:55.811,,,,,,True,1,
01:42:55.841,75.8,78,275.5,373.717748,0.0,,,
01:42:55.883,76.2,78,788.6,0.0,0.073247,,,
01:42:55.924,76.3,78,763.5,0.0,0.04191,,,
01:42:55.967,76.5,78,757.1,0.0,0.042267,,,
01:42:56.010,76.7,78,748.8,0.0,0.042736,,,
01:42:56.052,77.0,78,754.2,0.0,0.042428,,,
01:42:56.095,72.2,78,747.6,0.0,0.042801,,,
01:42:56.097,,,,,,True,1,
01:42:56.127,72.4,75,272.5,374.003482,0.0,,,
01:42:56.168,72.8,75,788.7,0.0,0.073607,,,
01:42:56.210,73.5,75,764.6,0.0,0.041855,,,
01:42:56.252,73.7,75,766.7,0.0,0.041738,,,
01:42:56.294,74.3,75,759.5,0.0,0.04213,,,
01:42:56.336,74.7,78,753.9,0.0,0.042446,,,
01:42:56.378,75.0,78,764.2,0.0,0.041874,,,
01:42:56.420,75.0,78,762.1,0.0,0.041988,,,
01:42:56.462,70.0,78,763.0,0.0,0.041941,,,
01:42:56.464,,,,,,True,1,
01:42:56.494,70.2,78,278.5,374.370332,0.0,,,
01:42:56.535,70.4,79,794.8,0.0,0.072583,,,
01:42:56.576,70.9,79,768.4,0.0,0.041643,,,
01:42:56.618,71.2,79,774.3,0.0,0.041328,,,
01:42:56.659,71.4,79,774.4,0.0,0.041323,,,
01:42:56.701,71.4,79,770.5,0.0,0.04153,,,
01:42:56.742,71.5,77,770.2,0.0,0.041548,,,
01:42:56.784,71.9,77,765.8,0.0,0.041787,,,
01:42:56.826,67.2,77,766.1,0.0,0.041769,,,
01:42:56.828,,,,,,True,1,
01:42:56.858,67.4,77,276.9,374.734015,0.0,,,
01:42:56.898,67.9,77,803.4,0.0,0.07234,,,
01:42:56.939,68.5,79,774.3,0.0,0.041327,,,
01:42:56.981,68.7,79,774.9,0.0,0.041294,,,
01:42:57.022,69.4,79,775.0,0.0,0.041293,,,
01:42:57.063,69.5,79,773.3,0.0,0.041383,,,
01:42:57.105,69.9,79,770.9,0.0,0.04151,,,
01:42:57.146,69.9,77,773.9,0.0,0.041351,,,
01:42:57.188,70.4,77,764.2,0.0,0.041877,,,
01:42:57.230,70.5,77,764.0,0.0,0.041883,,,
01:42:57.272,71.0,77,763.9,0.0,0.041893,,,
01:42:57.314,71.4,80,769.0,0.0,0.041613,,,
01:42:57.356,71.5,80,764.6,0.0,0.041851,,,
01:42:57.397,71.5,80,763.8,0.0,0.041897,,,
01:42:57.439,71.7,80,770.3,0.0,0.041542,,,
01:42:57.480,66.7,80,769.2,0.0,0.041604,,,
01:42:57.482,,,,,,True,1,
01:42:57.514,66.9,77,277.1,375.388623,0.0,,,
01:42:57.554,67.5,77,776.6,0.0,0.073684,,,
01:42:57.596,68.0,77,763.9,0.0,0.041892,,,
01:42:57.638,68.7,77,769.1,0.0,0.041609,,,
01:42:57.679,68.9,77,776.3,0.0,0.041221,,,
01:42:57.722,69.4,78,746.6,0.0,0.042863,,,
01:42:57.765,69.5,78,749.0,0.0,0.042722,,,
01:42:57.810,69.9,78,707.3,0.0,0.045243,,,
01:42:57.853,70.0,78,751.5,0.0,0.04258,,,
01:42:57.895,70.0,78,762.6,0.0,0.04196,,,
01:42:57.897,,,,,,True,1,
01:42:57.927,70.2,72,273.5,375.802783,0.0,,,
01:42:57.968,70.4,72,787.9,0.0,0.073524,,,
01:42:58.010,70.9,72,760.4,0.0,0.042085,,,
01:42:58.052,69.7,72,756.6,0.0,0.042292,,,
01:42:58.054,,,,,,True,1,
01:42:58.084,69.9,72,274.4,375.960554,0.0,,,
01:42:58.125,69.4,80,795.5,0.0,0.073026,,,
01:42:58.127,,,,,,True,1,
01:42:58.156,69.5,80,284.0,376.032454,0.0,,,
01:42:58.197,69.5,80,796.4,0.0,0.071874,,,
01:42:58.239,69.7,80,769.4,0.0,0.041592,,,
01:42:58.280,70.0,80,771.2,0.0,0.041493,,,
01:42:58.321,70.9,79,772.5,0.0,0.041423,,,
01:42:58.363,71.4,79,774.2,0.0,0.041332,,,
01:42:58.404,72.0,79,771.0,0.0,0.041504,,,
01:42:58.446,72.4,79,771.6,0.0,0.041475,,,
01:42:58.488,72.8,79,763.8,0.0,0.041896,,,
01:42:58.530,73.0,76,765.9,0.0,0.041784,,,
01:42:58.572,72.4,76,756.3,0.0,0.042311,,,
01:42:58.574,,,,,,True,1,
01:42:58.604,72.5,76,271.8,376.480534,0.0,,,
01:42:58.645,72.7,76,793.3,0.0,0.073448,,,
01:42:58.688,72.8,76,758.0,0.0,0.042214,,,
01:42:58.730,73.0,77,756.1,0.0,0.042323,,,
01:42:58.772,73.3,77,759.2,0.0,0.042149,,,
01:42:58.814,73.7,77,762.0,0.0,0.041997,,,
01:42:58.856,68.5,77,756.0,0.0,0.042329,,,
01:42:58.858,,,,,,True,1,
01:42:58.888,68.7,77,277.8,376.764262,0.0,,,
01:42:58.929,68.7,78,793.9,0.0,0.072706,,,
01:42:58.971,69.0,78,765.6,0.0,0.041795,,,
01:42:59.013,66.6,78,765.5,0.0,0.041801,,,
01:42:59.015,,,,,,True,1,
01:42:59.045,66.7,78,275.9,376.920763,0.0,,,
01:42:59.085,67.5,78,795.7,0.0,0.072833,,,
01:42:59.127,67.9,78,766.9,0.0,0.041726,,,
01:42:59.169,68.5,78,768.5,0.0,0.041638,,,
01:42:59.211,68.9,78,768.1,0.0,0.041662,,,
01:42:59.252,69.5,78,772.1,0.0,0.041447,,,
01:42:59.294,69.7,78,768.9,0.0,0.041615,,,
01:42:59.335,70.0,76,766.9,0.0,0.041725,,,
01:42:59.377,70.4,76,771.3,0.0,0.041489,,,
01:42:59.418,70.5,76,771.1,0.0,0.0415,,,
01:42:59.460,70.7,76,771.7,0.0,0.041468,,,
01:42:59.501,71.0,76,769.0,0.0,0.041614,,,
01:42:59.543,71.4,77,766.3,0.0,0.041759,,,
01:42:59.585,71.5,77,762.6,0.0,0.041962,,,
01:42:59.627,71.5,77,758.8,0.0,0.04217,,,
01:42:59.669,71.7,77,764.7,0.0,0.041845,,,
01:42:59.713,72.0,79,761.4,0.0,0.042027,,,
01:42:59.755,72.8,79,735.9,0.0,0.043485,,,
01:42:59.797,73.2,79,749.7,0.0,0.042683,,,
01:42:59.839,73.8,79,766.6,0.0,0.041744,,,
01:42:59.881,74.2,79,769.0,0.0,0.041611,,,
01:42:59.922,74.8,77,768.6,0.0,0.041636,,,
01:42:59.964,75.0,77,767.3,0.0,0.041707,,,
01:43:00.006,71.9,77,760.9,0.0,0.042054,,,
01:43:00.008,,,,,,True,1,
01:43:00.039,72.0,77,271.7,377.914644,0.0,,,
01:43:00.080,72.4,77,788.8,0.0,0.073688,,,
01:43:00.121,72.5,78,764.8,0.0,0.041841,,,
01:43:00.163,72.7,78,767.7,0.0,0.041685,,,
01:43:00.205,73.0,78,758.4,0.0,0.042192,,,
01:43:00.249,73.3,78,748.3,0.0,0.042763,,,
01:43:00.292,73.5,78,739.9,0.0,0.04325,,,
01:43:00.334,73.5,74,755.6,0.0,0.04235,,,
01:43:00.376,73.8,74,758.7,0.0,0.042176,,,
01:43:00.418,74.2,74,766.7,0.0,0.041736,,,
01:43:00.459,75.0,74,768.4,0.0,0.041647,,,
01:43:00.501,75.3,74,769.6,0.0,0.041581,,,
01:43:00.543,76.0,77,763.4,0.0,0.041919,,,
01:43:00.585,75.7,77,762.3,0.0,0.041979,,,
01:43:00.587,,,,,,True,1,
01:43:00.617,75.8,77,276.0,378.492921,0.0,,,
01:43:00.658,76.2,77,786.3,0.0,0.073308,,,
01:43:00.700,76.3,77,762.6,0.0,0.04196,,,
01:43:00.742,76.7,79,764.5,0.0,0.041856,,,
01:43:00.784,77.0,79,758.8,0.0,0.04217,,,
01:43:00.826,77.2,79,758.6,0.0,0.042184,,,
01:43:00.869,77.3,79,751.7,0.0,0.042569,,,
01:43:00.912,77.6,79,749.1,0.0,0.04272,,,
01:43:00.955,78.1,79,746.6,0.0,0.042864,,,
01:43:00.997,73.0,79,750.2,0.0,0.042653,,,
01:43:00.999,,,,,,True,1,
01:43:01.030,73.2,79,275.3,378.905268,0.0,,,
01:43:01.071,73.2,79,776.0,0.0,0.073931,,,
01:43:01.113,73.5,78,763.8,0.0,0.041897,,,
01:43:01.155,73.8,78,761.8,0.0,0.042005,,,
01:43:01.197,69.4,78,765.6,0.0,0.041796,,,
01:43:01.199,,,,,,True,1,
01:43:01.229,69.5,78,278.1,379.104545,0.0,,,
01:43:01.270,69.7,78,789.0,0.0,0.072916,,,
01:43:01.312,70.4,77,764.4,0.0,0.041865,,,
01:43:01.354,70.7,77,757.6,0.0,0.042238,,,
01:43:01.395,71.2,77,767.0,0.0,0.041722,,,
01:43:01.437,71.2,77,770.7,0.0,0.041519,,,
01:43:01.478,71.5,77,771.7,0.0,0.041468,,,
01:43:01.520,71.9,77,773.6,0.0,0.041366,,,
01:43:01.561,72.2,77,770.7,0.0,0.04152,,,
01:43:01.603,72.4,77,773.5,0.0,0.041372,,,
01:43:01.645,70.0,77,766.0,0.0,0.041776,,,
01:43:01.646,,,,,,True,1,
01:43:01.677,70.2,77,274.3,379.552745,0.0,,,
01:43:01.718,70.7,79,792.1,0.0,0.073216,,,
01:43:01.760,70.9,79,761.2,0.0,0.042037,,,
01:43:01.802,70.9,79,761.6,0.0,0.042017,,,
01:43:01.844,71.2,79,748.6,0.0,0.042748,,,
01:43:01.887,71.5,79,752.9,0.0,0.042505,,,
01:43:01.930,72.4,75,756.5,0.0,0.0423,,,
01:43:01.972,72.5,75,751.5,0.0,0.042583,,,
01:43:02.014,73.2,75,758.6,0.0,0.042183,,,
01:43:02.056,73.5,75,759.3,0.0,0.042145,,,
01:43:02.098,74.0,75,759.7,0.0,0.042123,,,
01:43:02.140,74.0,75,761.4,0.0,0.042026,,,
01:43:02.182,69.0,75,766.5,0.0,0.04175,,,
01:43:02.184,,,,,,True,1,
01:43:02.214,69.2,75,278.3,380.089882,0.0,,,
01:43:02.255,69.5,75,796.0,0.0,0.072541,,,
01:43:02.296,69.9,75,771.1,0.0,0.0415,,,
01:43:02.337,70.0,79,773.2,0.0,0.041387,,,
01:43:02.379,70.4,79,775.9,0.0,0.041244,,,
01:43:02.420,70.7,79,772.9,0.0,0.041404,,,
01:43:02.462,70.9,79,771.1,0.0,0.041501,,,
01:43:02.503,70.9,79,768.0,0.0,0.041668,,,
01:43:02.545,71.4,77,770.4,0.0,0.041534,,,
01:43:02.587,68.7,77,757.9,0.0,0.04222,,,
01:43:02.589,,,,,,True,1,
01:43:02.619,68.9,77,276.1,380.495117,0.0,,,
01:43:02.660,69.7,77,801.5,0.0,0.072518,,,
01:43:02.701,69.9,77,777.5,0.0,0.041156,,,
01:43:02.742,70.5,78,772.6,0.0,0.04142,,,
01:43:02.784,70.7,78,770.8,0.0,0.041517,,,
01:43:02.825,71.2,78,766.8,0.0,0.041734,,,
01:43:02.868,71.2,78,762.1,0.0,0.041989,,,
01:43:02.912,71.5,79,763.5,0.0,0.041912,,,
01:43:02.953,72.0,79,733.1,0.0,0.043652,,,
01:43:02.995,72.4,79,765.3,0.0,0.041816,,,
01:43:03.036,72.5,79,768.4,0.0,0.041646,,,
01:43:03.078,72.8,79,762.9,0.0,0.041947,,,
01:43:03.120,73.2,77,765.3,0.0,0.041812,,,
01:43:03.162,73.3,77,767.3,0.0,0.041703,,,
01:43:03.203,73.3,77,769.1,0.0,0.041607,,,
01:43:03.246,73.8,77,764.9,0.0,0.041838,,,
01:43:03.288,74.2,77,757.9,0.0,0.042224,,,
01:43:03.330,75.0,76,750.1,0.0,0.042663,,,
01:43:03.373,73.3,76,762.6,0.0,0.041959,,,
01:43:03.375,,,,,,True,1,
01:43:03.404,73.5,76,275.0,381.280346,0.0,,,
01:43:03.446,74.0,76,776.2,0.0,0.073951,,,
01:43:03.489,74.2,76,756.7,0.0,0.042287,,,
01:43:03.531,74.7,78,761.8,0.0,0.042006,,,
01:43:03.573,74.7,78,755.6,0.0,0.042353,,,
01:43:03.615,75.0,78,754.0,0.0,0.042438,,,
01:43:03.658,75.5,78,745.4,0.0,0.042931,,,
01:43:03.701,75.8,78,748.8,0.0,0.042733,,,
01:43:03.743,76.2,75,753.8,0.0,0.042452,,,
01:43:03.786,76.5,75,744.7,0.0,0.042972,,,
01:43:03.829,76.8,75,750.6,0.0,0.042631,,,
01:43:03.872,77.0,75,749.9,0.0,0.04267,,,
01:43:03.914,77.0,80,752.5,0.0,0.042525,,,
01:43:03.957,77.5,80,752.2,0.0,0.04254,,,
01:43:03.999,77.8,80,752.6,0.0,0.042516,,,
01:43:04.041,78.6,80,758.4,0.0,0.042195,,,
01:43:04.084,73.5,80,749.1,0.0,0.042718,,,
01:43:04.086,,,,,,True,1,
01:43:04.117,73.7,76,272.7,381.992526,0.0,,,
01:43:04.160,74.2,76,748.6,0.0,0.075747,,,
01:43:04.202,74.3,76,759.4,0.0,0.042138,,,
01:43:04.244,74.8,76,767.1,0.0,0.041715,,,
01:43:04.286,74.8,76,759.5,0.0,0.042134,,,
01:43:04.328,75.0,77,760.4,0.0,0.042084,,,
01:43:04.371,75.5,77,751.7,0.0,0.04257,,,
01:43:04.413,75.8,77,756.7,0.0,0.042288,,,
01:43:04.455,76.3,77,760.0,0.0,0.042105,,,
01:43:04.497,76.7,77,765.0,0.0,0.04183,,,
01:43:04.539,71.7,76,761.9,0.0,0.042002,,,
01:43:04.541,,,,,,True,1,
01:43:04.571,71.9,76,277.4,382.446561,0.0,,,
01:43:04.612,72.0,76,780.8,0.0,0.073431,,,
01:43:04.654,72.0,76,758.0,0.0,0.042218,,,
01:43:04.696,72.5,76,771.0,0.0,0.041503,,,
01:43:04.737,72.8,78,770.4,0.0,0.041536,,,
01:43:04.779,73.5,78,767.6,0.0,0.04169,,,
01:43:04.821,73.7,78,769.6,0.0,0.041581,,,
01:43:04.862,74.2,78,768.7,0.0,0.041627,,,
01:43:04.904,74.5,78,769.6,0.0,0.041579,,,
01:43:04.949,75.0,77,711.3,0.0,0.044988,,,
01:43:04.991,75.0,77,761.9,0.0,0.042001,,,
01:43:05.033,75.2,77,758.6,0.0,0.042182,,,
01:43:05.077,75.7,77,725.5,0.0,0.044106,,,
01:43:05.119,76.0,78,758.2,0.0,0.042207,,,
01:43:05.161,76.5,78,763.6,0.0,0.041909,,,
01:43:05.203,76.8,78,764.3,0.0,0.04187,,,
01:43:05.245,71.9,78,757.6,0.0,0.04224,,,
01:43:05.247,,,,,,True,1,
01:43:05.278,72.0,78,275.7,383.153404,0.0,,,
01:43:05.318,72.2,79,796.6,0.0,0.072809,,,
01:43:05.360,72.2,79,767.5,0.0,0.041695,,,
01:43:05.402,72.7,79,765.3,0.0,0.041815,,,
01:43:05.443,73.0,79,768.2,0.0,0.041656,,,
01:43:05.485,73.5,79,763.7,0.0,0.041901,,,
01:43:05.527,73.7,76,766.0,0.0,0.041773,,,
01:43:05.570,74.2,76,757.0,0.0,0.042274,,,
01:43:05.612,71.0,76,760.8,0.0,0.042062,,,
01:43:05.614,,,,,,True,1,
01:43:05.644,71.2,76,272.1,383.519806,0.0,,,
01:43:05.685,71.7,76,782.6,0.0,0.073961,,,
01:43:05.727,71.7,78,767.5,0.0,0.041695,,,
01:43:05.769,71.9,78,759.6,0.0,0.042126,,,
01:43:05.814,72.4,78,715.7,0.0,0.044714,,,
01:43:05.856,72.7,78,757.1,0.0,0.042266,,,
01:43:05.898,73.2,78,757.5,0.0,0.042242,,,
01:43:05.941,73.5,74,760.1,0.0,0.042101,,,
01:43:05.983,73.8,74,750.8,0.0,0.042622,,,
01:43:06.023,70.5,74,791.4,0.0,0.040432,,,
01:43:06.024,,,,,,True,1,
01:43:06.053,70.7,74,298.0,383.929072,0.0,,,
01:43:06.094,70.7,74,802.6,0.0,0.070066,,,
01:43:06.135,71.2,80,766.3,0.0,0.041761,,,
01:43:06.177,71.5,80,768.6,0.0,0.041636,,,
01:43:06.220,72.0,80,740.4,0.0,0.043221,,,
01:43:06.262,72.2,80,760.4,0.0,0.042083,,,
01:43:06.305,72.7,80,746.1,0.0,0.042892,,,
01:43:06.349,67.9,76,743.1,0.0,0.043061,,,
01:43:06.351,,,,,,True,1,
01:43:06.381,68.0,76,271.3,384.256747,0.0,,,
01:43:06.421,68.7,76,799.6,0.0,0.073188,,,
01:43:06.463,63.4,76,771.4,0.0,0.041485,,,
01:43:06.465,,,,,,True,1,
01:43:06.495,63.6,76,276.3,384.370808,0.0,,,
01:43:06.535,63.7,78,807.2,0.0,0.072218,,,
01:43:06.576,64.2,78,781.8,0.0,0.040933,,,
01:43:06.617,64.4,78,781.7,0.0,0.040935,,,
01:43:06.658,64.9,78,780.9,0.0,0.040977,,,
01:43:06.699,64.9,78,781.3,0.0,0.040957,,,
01:43:06.740,65.4,77,779.3,0.0,0.041064,,,
01:43:06.781,65.6,77,773.3,0.0,0.041379,,,
01:43:06.822,65.7,77,778.6,0.0,0.041097,,,
01:43:06.864,66.2,77,774.5,0.0,0.041315,,,
01:43:06.905,66.6,77,773.6,0.0,0.041367,,,
01:43:06.948,67.1,78,755.7,0.0,0.042343,,,
01:43:06.989,67.2,78,773.7,0.0,0.041357,,,
01:43:07.031,67.7,78,769.8,0.0,0.041569,,,
01:43:07.072,68.2,78,769.8,0.0,0.041571,,,
01:43:07.114,68.9,79,766.1,0.0,0.041772,,,
01:43:07.155,68.9,79,773.6,0.0,0.041365,,,
01:43:07.196,69.0,79,775.0,0.0,0.041288,,,
01:43:07.238,69.5,79,775.0,0.0,0.041292,,,
01:43:07.279,69.7,79,774.0,0.0,0.041342,,,
01:43:07.320,70.2,77,772.6,0.0,0.041418,,,
01:43:07.362,70.2,77,774.2,0.0,0.041332,,,
01:43:07.404,70.7,77,767.0,0.0,0.041719,,,
01:43:07.446,70.9,77,762.6,0.0,0.041963,,,
01:43:07.484,71.0,77,807.6,0.0,0.039622,,,
01:43:07.525,71.5,77,792.6,0.0,0.040374,,,
01:43:07.567,71.9,77,768.3,0.0,0.041651,,,
01:43:07.609,72.4,77,764.4,0.0,0.041861,,,
01:43:07.651,72.5,77,768.4,0.0,0.041645,,,
01:43:07.693,73.0,77,764.2,0.0,0.041876,,,
01:43:07.736,73.5,76,737.5,0.0,0.043388,,,
01:43:07.779,74.2,76,754.4,0.0,0.042418,,,
01:43:07.822,72.5,76,739.3,0.0,0.043282,,,
01:43:07.824,,,,,,True,1,
01:43:07.858,72.7,76,241.8,385.734125,0.0,,,
01:43:07.900,72.8,76,779.9,0.0,0.078253,,,
01:43:07.942,73.3,75,754.7,0.0,0.042404,,,
01:43:07.985,73.3,75,757.1,0.0,0.042265,,,
01:43:08.027,73.8,75,759.9,0.0,0.042109,,,
01:43:08.069,73.8,75,753.5,0.0,0.042471,,,
01:43:08.112,74.3,80,752.1,0.0,0.04255,,,
01:43:08.154,74.5,80,754.8,0.0,0.042395,,,
01:43:08.196,74.8,80,766.4,0.0,0.041755,,,
01:43:08.238,75.3,80,766.8,0.0,0.041734,,,
01:43:08.280,70.4,80,762.3,0.0,0.041979,,,
01:43:08.282,,,,,,True,1,
01:43:08.312,70.5,77,278.9,386.187068,0.0,,,
01:43:08.352,71.0,77,787.3,0.0,0.072913,,,
01:43:08.394,71.2,77,768.1,0.0,0.041659,,,
01:43:08.436,71.7,77,770.6,0.0,0.041527,,,
01:43:08.477,72.2,77,769.5,0.0,0.041588,,,
01:43:08.519,67.4,78,771.6,0.0,0.041475,,,
01:43:08.521,,,,,,True,1,
01:43:08.551,67.5,78,279.5,386.426118,0.0,,,
01:43:08.591,67.5,78,795.9,0.0,0.072406,,,
01:43:08.633,67.7,78,770.0,0.0,0.041561,,,
01:43:08.673,67.2,78,783.8,0.0,0.040826,,,
01:43:08.675,,,,,,True,1,
01:43:08.705,67.4,78,280.0,386.580835,0.0,,,
01:43:08.747,67.4,78,775.0,0.0,0.073431,,,
01:43:08.789,67.5,78,768.8,0.0,0.041625,,,
01:43:08.831,67.5,78,763.5,0.0,0.04191,,,
01:43:08.873,68.0,78,758.9,0.0,0.042166,,,
01:43:08.914,68.4,78,765.4,0.0,0.04181,,,
01:43:08.957,68.7,78,747.7,0.0,0.042796,,,
01:43:09.000,69.2,78,756.4,0.0,0.042307,,,
01:43:09.042,69.7,78,752.4,0.0,0.042533,,,
01:43:09.085,70.2,78,745.8,0.0,0.042908,,,
01:43:09.128,70.4,73,750.1,0.0,0.042663,,,
01:43:09.171,70.9,73,751.8,0.0,0.042563,,,
01:43:09.213,71.4,73,747.1,0.0,0.042835,,,
01:43:09.255,71.9,73,757.1,0.0,0.042269,,,
01:43:09.297,71.9,73,765.1,0.0,0.041823,,,
01:43:09.339,72.0,75,767.8,0.0,0.041679,,,
01:43:09.381,72.7,75,765.9,0.0,0.04178,,,
01:43:09.422,72.7,75,768.7,0.0,0.041628,,,
01:43:09.464,72.8,75,760.2,0.0,0.042094,,,
01:43:09.510,72.8,78,763.6,0.0,0.041905,,,
01:43:09.552,73.3,78,708.4,0.0,0.045173,,,
01:43:09.594,73.7,78,758.4,0.0,0.042197,,,
01:43:09.636,74.0,78,762.6,0.0,0.04196,,,
01:43:09.677,74.5,78,765.9,0.0,0.04178,,,
01:43:09.719,75.0,77,766.5,0.0,0.041746,,,
01:43:09.761,75.5,77,764.2,0.0,0.041872,,,
01:43:09.803,75.7,77,764.3,0.0,0.041868,,,
01:43:09.846,76.2,77,749.0,0.0,0.042723,,,
01:43:09.888,76.7,77,749.9,0.0,0.04267,,,
01:43:09.931,77.2,75,758.0,0.0,0.042215,,,
01:43:09.973,77.2,75,752.9,0.0,0.042501,,,
01:43:10.016,77.3,75,751.8,0.0,0.042563,,,
01:43:10.059,78.0,75,742.2,0.0,0.043113,,,
01:43:10.101,78.0,75,750.7,0.0,0.042629,,,
01:43:10.148,78.1,75,705.3,0.0,0.045371,,,
01:43:10.190,78.1,75,739.1,0.0,0.043297,,,
01:43:10.232,78.6,75,775.2,0.0,0.041278,,,
01:43:10.275,79.0,75,732.4,0.0,0.043693,,,
01:43:10.318,79.3,79,745.4,0.0,0.042928,,,
01:43:10.360,79.8,79,753.3,0.0,0.042479,,,
01:43:10.403,80.3,79,754.2,0.0,0.042428,,,
01:43:10.446,80.8,79,745.1,0.0,0.042948,,,
01:43:10.489,81.0,79,747.2,0.0,0.042827,,,
01:43:10.532,81.5,75,749.9,0.0,0.042671,,,
01:43:10.574,82.0,75,751.5,0.0,0.042583,,,
01:43:10.616,82.5,75,753.7,0.0,0.042458,,,
01:43:10.659,82.5,75,755.6,0.0,0.04235,,,
01:43:10.701,82.6,75,754.8,0.0,0.042395,,,
01:43:10.743,83.3,76,751.5,0.0,0.042583,,,
01:43:10.787,83.3,76,748.4,0.0,0.042759,,,
01:43:10.830,83.4,76,741.7,0.0,0.043141,,,
01:43:10.872,83.4,76,747.9,0.0,0.042789,,,
01:43:10.915,83.9,81,755.3,0.0,0.042366,,,
01:43:10.957,84.3,81,751.3,0.0,0.042595,,,
01:43:11.000,84.6,81,744.9,0.0,0.042959,,,
01:43:11.043,85.1,81,746.0,0.0,0.042895,,,
01:43:11.087,85.6,81,736.5,0.0,0.04345,,,
01:43:11.130,86.1,76,739.3,0.0,0.043285,,,
01:43:11.173,86.3,76,738.4,0.0,0.043338,,,
01:43:11.216,86.8,76,749.8,0.0,0.04268,,,
01:43:11.259,87.3,76,748.7,0.0,0.042742,,,
01:43:11.301,87.7,76,744.7,0.0,0.042973,,,
01:43:11.348,87.7,76,691.5,0.0,0.046275,,,
01:43:11.391,87.9,76,742.8,0.0,0.043081,,,
01:43:11.434,88.6,76,741.7,0.0,0.043147,,,
01:43:11.477,88.6,76,742.2,0.0,0.043114,,,
01:43:11.520,88.7,79,746.3,0.0,0.042876,,,
01:43:11.563,83.4,79,744.6,0.0,0.042975,,,
01:43:11.565,,,,,,True,1,
01:43:11.595,83.6,79,275.4,389.470813,0.0,,,
01:43:11.637,84.1,79,770.8,0.0,0.074191,,,
01:43:11.680,84.4,79,747.3,0.0,0.04282,,,
01:43:11.723,84.8,79,750.5,0.0,0.042639,,,
01:43:11.766,85.3,79,741.1,0.0,0.043181,,,
01:43:11.810,85.6,79,735.1,0.0,0.043532,,,
01:43:11.853,86.1,79,732.0,0.0,0.043718,,,
01:43:11.896,86.3,79,747.6,0.0,0.042804,,,
01:43:11.939,85.4,75,746.3,0.0,0.04288,,,
01:43:11.941,,,,,,True,1,
01:43:11.971,85.6,75,273.1,389.846845,0.0,,,
01:43:12.014,86.1,75,764.2,0.0,0.074832,,,
01:43:12.057,86.6,75,738.8,0.0,0.043311,,,
01:43:12.100,86.6,75,744.0,0.0,0.043009,,,
01:43:12.143,86.8,78,743.7,0.0,0.043027,,,
01:43:12.187,87.4,78,737.4,0.0,0.043393,,,
01:43:12.230,87.4,78,732.0,0.0,0.043716,,,
01:43:12.273,87.6,78,740.4,0.0,0.043219,,,
01:43:12.316,87.7,80,744.0,0.0,0.04301,,,
01:43:12.359,80.6,80,743.9,0.0,0.043015,,,
01:43:12.361,,,,,,True,2,
01:43:12.391,81.0,80,557.1,390.266712,0.0,,,
01:43:12.433,81.3,80,774.2,0.0,0.073646,,,
01:43:12.475,81.5,80,753.8,0.0,0.042452,,,
01:43:12.518,82.0,78,751.0,0.0,0.042608,,,
01:43:12.560,82.3,78,753.7,0.0,0.042458,,,
01:43:12.603,82.6,78,751.9,0.0,0.042557,,,
01:43:12.646,82.8,78,750.0,0.0,0.042666,,,
01:43:12.689,78.3,78,743.1,0.0,0.043061,,,
01:43:12.691,,,,,,True,1,
01:43:12.721,78.5,76,273.7,390.596686,0.0,,,
01:43:12.763,79.3,76,778.7,0.0,0.073971,,,
01:43:12.805,79.6,76,755.0,0.0,0.042384,,,
01:43:12.848,79.6,76,747.8,0.0,0.042789,,,
01:43:12.891,79.5,76,754.2,0.0,0.04243,,,
01:43:12.893,,,,,,True,1,
01:43:12.923,79.6,78,272.4,390.798406,0.0,,,
01:43:12.965,80.3,78,766.6,0.0,0.074783,,,
01:43:13.008,80.3,78,744.3,0.0,0.042991,,,
01:43:13.051,80.5,78,750.8,0.0,0.042619,,,
01:43:13.093,80.6,78,751.8,0.0,0.042564,,,
01:43:13.136,81.1,77,752.9,0.0,0.042501,,,
01:43:13.178,81.5,77,755.8,0.0,0.042336,,,
01:43:13.220,81.6,77,755.5,0.0,0.042359,,,
01:43:13.263,82.3,77,749.4,0.0,0.042701,,,
01:43:13.309,82.6,79,751.1,0.0,0.042604,,,
01:43:13.351,82.9,79,706.5,0.0,0.045295,,,
01:43:13.393,82.9,79,756.1,0.0,0.042323,,,
01:43:13.436,83.6,79,748.6,0.0,0.042745,,,
01:43:13.479,84.4,79,746.7,0.0,0.042855,,,
01:43:13.522,84.8,77,751.8,0.0,0.042562,,,
01:43:13.565,84.8,77,743.9,0.0,0.043014,,,
01:43:13.608,84.9,77,734.4,0.0,0.043572,,,
01:43:13.653,85.6,77,718.2,0.0,0.044554,,,
01:43:13.697,85.6,77,729.7,0.0,0.043854,,,
01:43:13.740,85.8,74,741.4,0.0,0.043161,,,
01:43:13.783,85.9,74,733.9,0.0,0.043602,,,
01:43:13.827,86.4,74,737.3,0.0,0.0434,,,
01:43:13.870,86.8,74,738.7,0.0,0.043321,,,
01:43:13.913,86.9,80,738.1,0.0,0.043357,,,
01:43:13.956,87.6,80,742.1,0.0,0.043123,,,
01:43:14.000,87.9,80,741.1,0.0,0.043182,,,
01:43:14.043,88.2,80,736.1,0.0,0.04347,,,
01:43:14.087,88.2,80,732.4,0.0,0.043694,,,
01:43:14.131,88.9,75,739.5,0.0,0.043275,,,
01:43:14.174,89.7,75,734.6,0.0,0.043564,,,
01:43:14.217,90.1,75,734.2,0.0,0.043587,,,
01:43:14.260,90.1,75,740.0,0.0,0.043243,,,
01:43:14.304,90.2,75,734.5,0.0,0.043568,,,
01:43:14.348,90.9,78,727.0,0.0,0.044017,,,
01:43:14.392,90.9,78,728.9,0.0,0.043899,,,
01:43:14.435,91.1,78,736.7,0.0,0.043439,,,
01:43:14.479,91.2,78,735.3,0.0,0.043519,,,
01:43:14.522,91.7,78,736.4,0.0,0.043455,,,
01:43:14.566,92.1,78,732.4,0.0,0.043692,,,
01:43:14.610,92.2,78,728.9,0.0,0.043899,,,
01:43:14.654,92.9,78,732.7,0.0,0.043674,,,
01:43:14.697,93.2,78,735.1,0.0,0.043533,,,
01:43:14.741,93.5,76,733.9,0.0,0.043603,,,
01:43:14.785,93.5,76,720.7,0.0,0.0444,,,
01:43:14.830,94.2,76,725.3,0.0,0.044122,,,
01:43:14.873,95.0,76,730.4,0.0,0.043813,,,
01:43:14.917,95.4,80,735.7,0.0,0.043494,,,
01:43:14.960,95.4,80,733.2,0.0,0.043642,,,
01:43:15.005,95.5,80,727.2,0.0,0.044007,,,
01:43:15.049,96.2,80,716.9,0.0,0.044638,,,
01:43:15.093,96.2,80,725.2,0.0,0.044129,,,
01:43:15.137,96.4,75,727.9,0.0,0.043963,,,
01:43:15.181,96.5,75,728.7,0.0,0.043915,,,
01:43:15.225,97.0,75,727.8,0.0,0.043965,,,
01:43:15.270,94.0,75,718.1,0.0,0.044559,,,
01:43:15.272,,,,,,True,1,
01:43:15.302,94.2,75,274.6,393.177281,0.0,,,
01:43:15.347,94.4,78,710.8,0.0,0.077801,,,
01:43:15.391,95.0,78,725.5,0.0,0.044107,,,
01:43:15.435,95.4,78,733.7,0.0,0.043614,,,
01:43:15.479,94.9,78,735.3,0.0,0.043521,,,
01:43:15.480,,,,,,True,1,
01:43:15.514,95.0,77,250.2,393.389494,0.0,,,
01:43:15.557,95.0,77,750.4,0.0,0.078611,,,
01:43:15.601,95.5,77,730.1,0.0,0.043827,,,
01:43:15.645,96.2,77,725.8,0.0,0.044088,,,
01:43:15.690,96.7,77,722.1,0.0,0.044314,,,
01:43:15.971,96.7,12,113.9,0.0,0.281048,,,
01:43:16.015,96.9,12,713.2,0.0,0.04487,,,
01:43:16.060,92.2,12,722.2,0.0,0.044312,,,
01:43:16.062,,,,,,True,1,
01:43:16.092,92.4,12,275.3,393.967269,0.0,,,
01:43:16.135,92.5,51,753.8,0.0,0.075139,,,
01:43:16.178,92.7,51,732.8,0.0,0.043666,,,
01:43:16.222,92.9,51,739.0,0.0,0.043303,,,
01:43:16.267,93.4,51,717.4,0.0,0.044605,,,
01:43:16.311,93.5,80,716.8,0.0,0.04464,,,
01:43:16.355,83.1,80,727.9,0.0,0.043964,,,
01:43:16.357,,,,,,True,2,
01:43:16.387,83.4,80,553.9,394.262378,0.0,,,
01:43:16.430,84.1,80,765.5,0.0,0.074299,,,
01:43:16.472,84.6,80,743.2,0.0,0.043058,,,
01:43:16.515,84.9,78,751.7,0.0,0.042572,,,
01:43:16.557,84.9,78,750.7,0.0,0.042629,,,
01:43:16.600,85.1,78,748.6,0.0,0.042744,,,
01:43:16.643,85.8,78,744.0,0.0,0.043008,,,
01:43:16.687,86.3,78,738.9,0.0,0.043305,,,
01:43:16.730,86.6,76,742.8,0.0,0.043082,,,
01:43:16.773,86.8,76,743.2,0.0,0.043055,,,
01:43:16.816,87.4,76,745.6,0.0,0.042919,,,
01:43:16.860,87.6,76,725.4,0.0,0.044116,,,
01:43:16.903,87.7,76,734.9,0.0,0.043541,,,
01:43:16.947,87.9,77,734.0,0.0,0.043594,,,
01:43:16.990,88.4,77,736.8,0.0,0.043433,,,
01:43:17.033,88.6,77,739.7,0.0,0.043261,,,
01:43:17.077,88.7,77,738.0,0.0,0.043359,,,
01:43:17.120,89.4,78,741.3,0.0,0.043165,,,
01:43:17.164,89.9,78,737.7,0.0,0.043379,,,
01:43:17.208,90.2,78,727.0,0.0,0.044015,,,
01:43:17.251,90.2,78,730.6,0.0,0.043802,,,
01:43:17.294,90.4,78,740.4,0.0,0.043217,,,
01:43:17.337,91.1,75,751.4,0.0,0.042589,,,
01:43:17.380,91.6,75,740.1,0.0,0.04324,,,
01:43:17.425,91.9,75,727.2,0.0,0.044007,,,
01:43:17.469,92.1,75,727.0,0.0,0.044018,,,
01:43:17.512,92.7,80,724.4,0.0,0.044172,,,
01:43:17.556,92.9,80,738.9,0.0,0.043306,,,
01:43:17.599,93.0,80,736.8,0.0,0.043429,,,
01:43:17.643,93.2,80,727.4,0.0,0.04399,,,
01:43:17.687,93.7,80,730.3,0.0,0.043819,,,
01:43:17.731,93.9,76,725.3,0.0,0.044121,,,
01:43:17.775,94.0,76,736.1,0.0,0.043473,,,
01:43:17.818,94.7,76,736.3,0.0,0.043461,,,
01:43:17.862,95.2,76,730.9,0.0,0.043781,,,
01:43:17.907,95.5,79,720.9,0.0,0.044391,,,
01:43:17.952,90.2,79,707.2,0.0,0.045252,,,
01:43:17.954,,,,,,True,1,
01:43:17.985,90.4,79,269.7,395.859819,0.0,,,
01:43:18.028,90.6,79,740.5,0.0,0.076587,,,
01:43:18.072,91.2,79,723.1,0.0,0.044252,,,
01:43:18.116,91.7,77,730.3,0.0,0.043819,,,
01:43:18.160,92.1,77,733.9,0.0,0.043605,,,
01:43:18.204,92.1,77,729.9,0.0,0.043841,,,
01:43:18.248,92.7,77,726.4,0.0,0.044054,,,
01:43:18.292,92.9,77,724.3,0.0,0.044183,,,
01:43:18.336,93.2,75,729.7,0.0,0.043854,,,
01:43:18.380,88.1,75,721.1,0.0,0.044375,,,
01:43:18.382,,,,,,True,1,
01:43:18.413,88.2,75,272.6,396.288012,0.0,,,
01:43:18.457,88.7,75,724.0,0.0,0.077212,,,
01:43:18.501,88.9,75,729.7,0.0,0.043854,,,
01:43:18.546,89.1,77,715.3,0.0,0.044739,,,
01:43:18.589,89.7,77,733.9,0.0,0.043602,,,
01:43:18.633,90.1,77,741.7,0.0,0.043143,,,
01:43:18.676,90.4,77,734.9,0.0,0.043545,,,
01:43:18.720,90.4,78,731.3,0.0,0.043759,,,
01:43:18.764,90.7,78,727.7,0.0,0.043973,,,
01:43:18.808,91.4,78,728.4,0.0,0.043934,,,
01:43:18.851,91.9,78,732.9,0.0,0.04366,,,
01:43:18.895,92.2,78,737.5,0.0,0.043391,,,
01:43:18.938,92.2,75,741.8,0.0,0.04314,,,
01:43:18.982,92.9,75,730.0,0.0,0.043838,,,
01:43:19.026,93.0,75,728.0,0.0,0.043958,,,
01:43:19.072,93.4,75,698.8,0.0,0.045793,,,
01:43:19.115,92.1,79,732.2,0.0,0.043701,,,
01:43:19.117,,,,,,True,1,
01:43:19.147,92.2,79,276.5,397.022765,0.0,,,
01:43:19.190,87.4,79,757.8,0.0,0.074773,,,
01:43:19.192,,,,,,True,1,
01:43:19.221,87.6,79,282.7,397.09681,0.0,,,
01:43:19.264,87.7,79,762.4,0.0,0.073814,,,
01:43:19.308,87.9,80,735.1,0.0,0.043534,,,
01:43:19.351,88.4,80,740.8,0.0,0.043198,,,
01:43:19.394,88.7,80,744.8,0.0,0.042963,,,
01:43:19.437,88.9,80,743.9,0.0,0.043019,,,
01:43:19.480,88.9,80,737.8,0.0,0.043374,,,
01:43:19.524,89.4,76,732.3,0.0,0.043695,,,
01:43:19.568,90.2,76,732.1,0.0,0.043708,,,
01:43:19.611,90.7,76,730.5,0.0,0.043804,,,
01:43:19.655,91.1,76,735.9,0.0,0.043486,,,
01:43:19.698,91.1,76,739.7,0.0,0.043261,,,
01:43:19.742,91.7,75,729.7,0.0,0.043853,,,
01:43:19.786,91.9,75,730.9,0.0,0.043783,,,
01:43:19.830,92.2,75,725.5,0.0,0.044107,,,
01:43:19.873,92.4,75,732.1,0.0,0.043709,,,
01:43:19.917,92.9,80,736.2,0.0,0.043465,,,
01:43:19.960,93.0,80,735.7,0.0,0.043497,,,
01:43:20.005,93.2,80,723.6,0.0,0.044223,,,
01:43:20.049,93.7,80,728.0,0.0,0.043955,,,
01:43:20.092,94.0,80,729.4,0.0,0.043874,,,
01:43:20.136,94.2,75,730.3,0.0,0.043817,,,
01:43:20.180,94.2,75,725.0,0.0,0.04414,,,
01:43:20.226,89.4,75,710.9,0.0,0.045015,,,
01:43:20.228,,,,,,True,1,
01:43:20.259,89.6,75,267.6,398.133874,0.0,,,
01:43:20.302,85.1,75,751.0,0.0,0.076235,,,
01:43:20.304,,,,,,True,1,
01:43:20.335,85.3,78,266.5,398.210235,0.0,,,
01:43:20.377,85.8,78,766.6,0.0,0.075512,,,
01:43:20.420,86.1,78,746.1,0.0,0.042891,,,
01:43:20.464,86.1,78,740.0,0.0,0.043245,,,
01:43:20.507,86.6,80,730.4,0.0,0.04381,,,
01:43:20.550,86.8,80,738.1,0.0,0.043357,,,
01:43:20.593,87.1,80,748.6,0.0,0.042748,,,
01:43:20.636,87.4,80,743.3,0.0,0.043052,,,
01:43:20.680,82.8,80,733.6,0.0,0.043619,,,
01:43:20.682,,,,,,True,1,
01:43:20.712,82.9,76,273.7,398.587559,0.0,,,
01:43:20.754,83.1,76,770.7,0.0,0.0744,,,
01:43:20.797,83.3,76,749.0,0.0,0.042722,,,
01:43:20.840,83.8,76,742.2,0.0,0.043117,,,
01:43:20.884,84.1,76,736.2,0.0,0.043469,,,
01:43:20.927,84.1,77,744.2,0.0,0.042996,,,
01:43:20.970,84.1,77,739.7,0.0,0.043261,,,
01:43:21.013,84.6,77,744.1,0.0,0.043003,,,
01:43:21.056,85.4,77,745.5,0.0,0.042925,,,
01:43:21.099,85.9,77,747.3,0.0,0.042822,,,
01:43:21.145,86.3,76,694.8,0.0,0.046059,,,
01:43:21.188,86.3,76,741.9,0.0,0.043131,,,
01:43:21.231,82.9,76,742.1,0.0,0.043119,,,
01:43:21.233,,,,,,True,1,
01:43:21.263,83.1,76,275.8,399.138315,0.0,,,
01:43:21.306,83.3,80,765.6,0.0,0.074425,,,
01:43:21.349,78.3,80,739.0,0.0,0.043301,,,
01:43:21.351,,,,,,True,1,
01:43:21.380,78.5,80,279.0,399.25565,0.0,,,
01:43:21.422,78.8,80,775.5,0.0,0.07352,,,
01:43:21.465,79.5,80,745.4,0.0,0.042929,,,
01:43:21.508,79.6,79,750.4,0.0,0.042642,,,
01:43:21.550,79.8,79,754.1,0.0,0.042435,,,
01:43:21.592,80.1,79,760.6,0.0,0.042069,,,
01:43:21.635,75.3,79,755.2,0.0,0.042372,,,
01:43:21.637,,,,,,True,1,
01:43:21.667,75.5,79,277.0,399.541833,0.0,,,
01:43:21.708,75.5,79,786.8,0.0,0.073161,,,
01:43:21.750,75.7,79,759.6,0.0,0.042128,,,
01:43:21.792,70.9,79,762.7,0.0,0.041958,,,
01:43:21.794,,,,,,True,1,
01:43:21.824,71.0,79,278.0,399.698929,0.0,,,
01:43:21.866,71.7,79,777.7,0.0,0.073527,,,
01:43:21.908,72.0,78,760.1,0.0,0.042102,,,
01:43:21.950,72.4,78,743.7,0.0,0.043029,,,
01:43:21.992,72.4,78,767.3,0.0,0.041707,,,
01:43:22.034,72.8,78,765.3,0.0,0.041811,,,
01:43:22.076,73.0,78,766.3,0.0,0.041758,,,
01:43:22.118,73.3,76,759.3,0.0,0.042145,,,
01:43:22.160,73.8,76,757.5,0.0,0.042243,,,
01:43:22.202,74.5,76,761.6,0.0,0.042019,,,
01:43:22.245,74.7,76,758.0,0.0,0.042219,,,
01:43:22.286,74.8,76,764.5,0.0,0.041859,,,
01:43:22.328,75.2,75,761.0,0.0,0.042048,,,
01:43:22.370,75.7,75,766.1,0.0,0.041772,,,
01:43:22.412,75.7,75,761.4,0.0,0.042026,,,
01:43:22.454,75.8,75,764.7,0.0,0.041849,,,
01:43:22.494,76.3,75,793.5,0.0,0.040325,,,
01:43:22.536,77.0,77,757.7,0.0,0.042235,,,
01:43:22.579,77.3,77,754.2,0.0,0.042432,,,
01:43:22.622,77.6,77,745.4,0.0,0.042929,,,
01:43:22.665,77.6,77,741.5,0.0,0.043155,,,
01:43:22.708,78.1,79,750.0,0.0,0.042669,,,
01:43:22.750,78.3,79,753.1,0.0,0.04249,,,
01:43:22.793,73.3,79,757.0,0.0,0.042273,,,
01:43:22.794,,,,,,True,1,
01:43:22.825,73.5,79,276.8,400.699669,0.0,,,
01:43:22.866,74.0,79,782.3,0.0,0.073422,,,
01:43:22.908,74.7,78,759.2,0.0,0.04215,,,
01:43:22.950,74.8,78,767.1,0.0,0.041717,,,
01:43:22.992,75.0,78,765.0,0.0,0.04183,,,
01:43:23.034,75.2,78,759.4,0.0,0.042138,,,
01:43:23.076,75.7,78,763.4,0.0,0.041917,,,
01:43:23.118,75.7,76,763.0,0.0,0.041941,,,
01:43:23.160,76.0,76,755.8,0.0,0.04234,,,
01:43:23.202,76.5,76,760.2,0.0,0.042092,,,
01:43:23.244,77.2,76,758.9,0.0,0.042164,,,
01:43:23.286,77.5,76,761.4,0.0,0.042028,,,
01:43:23.328,77.8,76,758.9,0.0,0.042167,,,
01:43:23.370,72.5,76,761.4,0.0,0.042028,,,
01:43:23.372,,,,,,True,1,
01:43:23.403,72.7,76,276.3,401.277635,0.0,,,
01:43:23.445,73.2,76,772.0,0.0,0.074021,,,
01:43:23.487,73.3,76,761.3,0.0,0.042035,,,
01:43:23.528,73.7,78,762.0,0.0,0.041997,,,
01:43:23.570,74.2,78,767.1,0.0,0.041718,,,
01:43:23.611,74.7,78,772.4,0.0,0.041431,,,
01:43:23.653,74.8,78,772.2,0.0,0.041438,,,
01:43:23.696,75.0,78,747.1,0.0,0.042831,,,
01:43:23.739,75.3,76,753.1,0.0,0.042489,,,
01:43:23.781,75.8,76,750.4,0.0,0.042645,,,
01:43:23.824,75.8,76,751.8,0.0,0.042566,,,
01:43:23.866,76.2,76,752.5,0.0,0.042524,,,
01:43:23.909,76.7,80,749.8,0.0,0.042679,,,
01:43:23.951,77.3,80,761.0,0.0,0.042049,,,
01:43:23.993,77.6,80,757.9,0.0,0.042221,,,
01:43:24.035,77.0,80,756.2,0.0,0.042316,,,
01:43:24.037,,,,,,True,1,
01:43:24.068,77.2,80,272.2,401.943059,0.0,,,
01:43:24.109,77.2,78,783.5,0.0,0.0739,,,
01:43:24.151,77.6,78,762.2,0.0,0.041982,,,
01:43:24.193,77.8,78,761.7,0.0,0.042009,,,
01:43:24.235,78.1,78,762.0,0.0,0.041996,,,
01:43:24.277,78.6,78,757.9,0.0,0.042221,,,
01:43:24.320,79.0,76,752.1,0.0,0.042549,,,
01:43:24.363,74.5,76,754.9,0.0,0.042391,,,
01:43:24.365,,,,,,True,1,
01:43:24.394,74.7,76,276.8,402.26955,0.0,,,
01:43:24.437,75.0,76,754.8,0.0,0.074915,,,
01:43:24.479,75.3,76,757.2,0.0,0.042259,,,
01:43:24.522,75.8,77,760.2,0.0,0.042092,,,
01:43:24.564,75.8,77,755.9,0.0,0.042332,,,
01:43:24.606,76.2,77,757.8,0.0,0.04223,,,
01:43:24.648,76.7,77,759.4,0.0,0.042138,,,
01:43:24.690,77.2,77,764.3,0.0,0.041869,,,
01:43:24.732,77.6,76,763.3,0.0,0.041921,,,
01:43:24.774,78.0,76,757.6,0.0,0.04224,,,
01:43:24.816,78.0,76,762.1,0.0,0.04199,,,
01:43:24.858,78.5,76,759.8,0.0,0.042114,,,
01:43:24.901,78.6,76,755.5,0.0,0.042353,,,
01:43:24.944,69.2,78,749.4,0.0,0.042703,,,
01:43:24.946,,,,,,True,2,
01:43:24.976,69.5,78,544.5,402.851227,0.0,,,
01:43:25.017,70.0,78,794.6,0.0,0.07333,,,
01:43:25.059,70.4,78,765.6,0.0,0.041799,,,
01:43:25.101,70.5,78,764.9,0.0,0.041838,,,
01:43:25.143,70.9,77,761.7,0.0,0.042009,,,
01:43:25.185,71.0,77,760.6,0.0,0.042072,,,
01:43:25.227,71.5,77,764.2,0.0,0.041873,,,
01:43:25.269,71.5,77,757.6,0.0,0.042239,,,
01:43:25.311,72.2,78,762.1,0.0,0.041991,,,
01:43:25.352,63.4,78,767.5,0.0,0.041692,,,
01:43:25.355,,,,,,True,2,
01:43:25.385,63.7,78,555.6,403.259374,0.0,,,
01:43:25.425,64.2,78,794.8,0.0,0.07266,,,
01:43:25.467,64.6,78,775.3,0.0,0.041274,,,
01:43:25.508,64.9,78,776.0,0.0,0.041234,,,
01:43:25.548,64.9,78,783.3,0.0,0.040852,,,
01:43:25.590,65.2,78,772.7,0.0,0.041411,,,
01:43:25.631,65.4,78,780.0,0.0,0.041027,,,
01:43:25.672,65.7,78,778.9,0.0,0.041083,,,
01:43:25.713,66.6,77,771.2,0.0,0.041493,,,
01:43:25.755,66.9,77,768.9,0.0,0.041617,,,
01:43:25.796,67.1,77,777.2,0.0,0.041173,,,
01:43:25.838,67.4,77,767.9,0.0,0.041672,,,
01:43:25.882,67.5,77,730.7,0.0,0.043793,,,
01:43:25.923,67.9,75,769.2,0.0,0.0416,,,
01:43:25.965,67.9,75,763.7,0.0,0.041902,,,
01:43:26.007,68.5,75,757.4,0.0,0.042248,,,
01:43:26.049,69.0,75,768.1,0.0,0.041662,,,
01:43:26.091,69.5,75,771.1,0.0,0.041501,,,
01:43:26.132,64.6,76,769.4,0.0,0.041594,,,
01:43:26.134,,,,,,True,1,
01:43:26.164,64.7,76,278.9,404.039002,0.0,,,
01:43:26.205,65.1,76,794.9,0.0,0.072524,,,
01:43:26.247,65.1,76,768.4,0.0,0.041646,,,
01:43:26.288,65.4,76,765.5,0.0,0.041803,,,
01:43:26.330,65.6,78,766.4,0.0,0.041755,,,
01:43:26.371,65.7,78,771.8,0.0,0.041459,,,
01:43:26.413,66.6,78,775.6,0.0,0.04126,,,
01:43:26.454,66.9,78,778.7,0.0,0.041094,,,
01:43:26.495,67.2,78,777.1,0.0,0.041181,,,
01:43:26.536,67.5,77,776.8,0.0,0.041193,,,
01:43:26.578,67.7,77,768.4,0.0,0.041645,,,
01:43:26.619,68.0,77,765.7,0.0,0.04179,,,
01:43:26.662,68.0,77,769.2,0.0,0.041603,,,
01:43:26.704,68.7,79,762.0,0.0,0.041996,,,
01:43:26.746,69.2,79,744.3,0.0,0.042991,,,
01:43:26.788,69.7,79,757.8,0.0,0.042225,,,
01:43:26.830,70.0,79,766.8,0.0,0.041731,,,
01:43:26.872,70.4,79,767.1,0.0,0.041716,,,
01:43:26.913,70.4,76,770.9,0.0,0.04151,,,
01:43:26.955,70.7,76,770.4,0.0,0.041539,,,
01:43:26.996,70.9,76,767.9,0.0,0.04167,,,
01:43:27.038,71.0,76,761.3,0.0,0.042031,,,
01:43:27.081,71.9,76,760.6,0.0,0.042073,,,
01:43:27.123,72.2,76,759.8,0.0,0.042118,,,
01:43:27.165,72.5,76,762.6,0.0,0.041964,,,
01:43:27.207,72.8,76,760.6,0.0,0.042072,,,
01:43:27.248,73.0,76,767.7,0.0,0.041682,,,
01:43:27.290,73.3,76,765.7,0.0,0.041793,,,
01:43:27.332,73.3,76,765.4,0.0,0.041808,,,
01:43:27.374,74.0,76,767.4,0.0,0.041698,,,
01:43:27.415,74.5,76,767.3,0.0,0.041705,,,
01:43:27.457,75.0,76,763.8,0.0,0.041898,,,
01:43:27.500,75.3,76,759.1,0.0,0.042154,,,
01:43:27.542,70.7,78,753.5,0.0,0.04247,,,
01:43:27.544,,,,,,True,1,
01:43:27.575,70.9,78,271.4,405.449675,0.0,,,
01:43:27.616,70.9,78,788.2,0.0,0.073764,,,
01:43:27.657,71.2,78,772.5,0.0,0.041422,,,
01:43:27.699,71.4,78,765.3,0.0,0.041815,,,
01:43:27.741,71.5,77,761.1,0.0,0.042046,,,
01:43:27.783,72.4,77,763.9,0.0,0.041892,,,
01:43:27.825,72.5,77,762.0,0.0,0.041996,,,
01:43:27.867,72.8,77,756.6,0.0,0.042296,,,
01:43:27.909,73.3,79,764.8,0.0,0.041843,,,
01:43:27.951,73.5,79,764.0,0.0,0.041884,,,
01:43:27.994,72.2,79,751.2,0.0,0.042601,,,
01:43:27.996,,,,,,True,1,
01:43:28.026,72.4,79,269.8,405.901408,0.0,,,
01:43:28.068,72.4,79,779.2,0.0,0.074426,,,
01:43:28.110,72.8,77,758.4,0.0,0.042192,,,
01:43:28.152,73.3,77,761.7,0.0,0.042013,,,
01:43:28.194,73.8,77,769.9,0.0,0.041562,,,
01:43:28.236,74.2,77,764.2,0.0,0.041873,,,
01:43:28.278,74.5,77,760.4,0.0,0.042082,,,
01:43:28.320,69.2,76,760.1,0.0,0.0421,,,
01:43:28.322,,,,,,True,1,
01:43:28.352,69.4,76,272.5,406.227314,0.0,,,
01:43:28.395,69.9,76,763.2,0.0,0.074961,,,
01:43:28.438,70.0,76,744.6,0.0,0.042973,,,
01:43:28.480,70.2,76,762.8,0.0,0.041951,,,
01:43:28.522,71.0,76,765.5,0.0,0.041805,,,
01:43:28.564,71.0,76,760.9,0.0,0.042056,,,
01:43:28.606,71.4,76,760.2,0.0,0.042097,,,
01:43:28.647,71.9,76,766.0,0.0,0.041777,,,
01:43:28.690,72.2,76,753.7,0.0,0.042455,,,
01:43:28.732,72.5,75,761.1,0.0,0.042046,,,
01:43:28.774,71.5,75,759.7,0.0,0.042123,,,
01:43:28.776,,,,,,True,1,
01:43:28.806,71.7,75,277.4,406.680945,0.0,,,
01:43:28.847,72.2,75,792.6,0.0,0.072817,,,
01:43:28.889,72.7,75,764.8,0.0,0.041841,,,
01:43:28.930,73.2,78,767.6,0.0,0.04169,,,
01:43:28.972,73.5,78,768.5,0.0,0.041639,,,
01:43:29.014,73.8,78,766.4,0.0,0.041754,,,
01:43:29.055,73.8,78,767.4,0.0,0.0417,,,
01:43:29.098,74.3,78,762.6,0.0,0.04196,,,
01:43:29.141,74.7,77,733.9,0.0,0.043604,,,
01:43:29.183,74.8,77,761.5,0.0,0.042024,,,
01:43:29.226,75.5,77,758.2,0.0,0.042204,,,
01:43:29.267,75.5,77,758.8,0.0,0.042172,,,
01:43:29.309,75.8,79,763.0,0.0,0.041939,,,
01:43:29.351,76.3,79,760.2,0.0,0.042092,,,
01:43:29.396,76.7,79,729.9,0.0,0.043844,,,
01:43:29.439,76.5,79,732.1,0.0,0.043711,,,
01:43:29.441,,,,,,True,1,
01:43:29.471,76.7,79,273.6,407.346367,0.0,,,
01:43:29.513,76.7,77,786.0,0.0,0.073601,,,
01:43:29.554,77.2,77,763.5,0.0,0.041913,,,
01:43:29.597,77.6,77,754.5,0.0,0.042415,,,
01:43:29.642,78.1,77,713.2,0.0,0.044871,,,
01:43:29.685,78.5,77,751.1,0.0,0.042606,,,
01:43:29.728,78.8,74,740.4,0.0,0.043221,,,
01:43:29.770,78.8,74,755.2,0.0,0.042375,,,
01:43:29.812,79.5,74,759.1,0.0,0.042158,,,
01:43:29.856,79.8,74,727.3,0.0,0.044,,,
01:43:29.903,80.0,77,733.1,0.0,0.043648,,,
01:43:29.946,80.6,77,697.3,0.0,0.045889,,,
01:43:29.988,79.3,77,754.1,0.0,0.042435,,,
01:43:29.990,,,,,,True,1,
01:43:30.021,79.5,77,274.7,407.895358,0.0,,,
01:43:30.063,79.8,77,756.5,0.0,0.075068,,,
01:43:30.106,80.3,78,746.4,0.0,0.04287,,,
01:43:30.149,80.5,78,752.3,0.0,0.042534,,,
01:43:30.191,80.8,78,754.0,0.0,0.042438,,,
01:43:30.237,80.8,78,706.8,0.0,0.045275,,,
01:43:30.283,81.3,78,694.0,0.0,0.046108,,,
01:43:30.326,81.8,72,730.2,0.0,0.043821,,,
01:43:30.369,80.8,72,746.7,0.0,0.042856,,,
01:43:30.371,,,,,,True,1,
01:43:30.401,81.0,72,278.1,408.275913,0.0,,,
01:43:30.444,81.3,72,762.5,0.0,0.074332,,,
01:43:30.486,81.6,72,747.5,0.0,0.042807,,,
01:43:30.529,81.6,78,753.3,0.0,0.042481,,,
01:43:30.571,82.3,78,752.9,0.0,0.0425,,,
01:43:30.614,77.3,78,753.0,0.0,0.042496,,,
01:43:30.616,,,,,,True,1,
01:43:30.645,77.5,78,279.9,408.520296,0.0,,,
01:43:30.687,77.6,78,783.1,0.0,0.073017,,,
01:43:30.729,78.1,79,751.4,0.0,0.042585,,,
01:43:30.771,78.3,79,764.3,0.0,0.041869,,,
01:43:30.814,78.6,79,752.5,0.0,0.042525,,,
01:43:30.856,78.8,79,752.2,0.0,0.042542,,,
01:43:30.903,79.0,78,747.2,0.0,0.042828,,,
01:43:30.946,79.3,78,683.2,0.0,0.046841,,,
01:43:30.989,79.5,78,749.0,0.0,0.042722,,,
01:43:31.032,80.0,78,746.1,0.0,0.042892,,,
01:43:31.075,75.2,78,744.4,0.0,0.042985,,,
01:43:31.077,,,,,,True,1,
01:43:31.106,75.3,76,278.6,408.981241,0.0,,,
01:43:31.148,76.0,76,786.5,0.0,0.072994,,,
01:43:31.189,76.3,76,764.7,0.0,0.041847,,,
01:43:31.231,76.7,76,764.6,0.0,0.041853,,,
01:43:31.273,76.7,76,761.3,0.0,0.042034,,,
01:43:31.315,71.9,79,760.6,0.0,0.042073,,,
01:43:31.317,,,,,,True,1,
01:43:31.347,72.0,79,275.8,409.222353,0.0,,,
01:43:31.388,70.2,79,792.9,0.0,0.072996,,,
01:43:31.390,,,,,,True,1,
01:43:31.420,70.4,79,283.9,409.294397,0.0,,,
01:43:31.461,70.5,79,783.9,0.0,0.07253,,,
01:43:31.503,71.2,80,766.5,0.0,0.04175,,,
01:43:31.545,71.4,80,761.3,0.0,0.042035,,,
01:43:31.587,71.5,80,762.1,0.0,0.041991,,,
01:43:31.628,71.7,80,767.3,0.0,0.041707,,,
01:43:31.670,71.9,80,769.8,0.0,0.041568,,,
01:43:31.712,69.4,77,769.5,0.0,0.041585,,,
01:43:31.713,,,,,,True,1,
01:43:31.743,69.5,77,278.4,409.618166,0.0,,,
01:43:31.785,69.9,77,794.7,0.0,0.072592,,,
01:43:31.826,70.2,77,763.0,0.0,0.041942,,,
01:43:31.867,70.7,77,773.7,0.0,0.041361,,,
01:43:31.909,71.2,79,772.8,0.0,0.041406,,,
01:43:31.950,71.5,79,768.0,0.0,0.041669,,,
01:43:31.992,71.9,79,764.4,0.0,0.041862,,,
01:43:32.034,71.9,79,765.0,0.0,0.041828,,,
01:43:32.076,72.5,79,763.0,0.0,0.041939,,,
01:43:32.117,72.8,76,777.9,0.0,0.041136,,,
01:43:32.158,73.0,76,787.7,0.0,0.040625,,,
01:43:32.200,73.7,76,764.3,0.0,0.04187,,,
01:43:32.242,73.8,76,760.0,0.0,0.042105,,,
01:43:32.284,74.0,76,760.9,0.0,0.042056,,,
01:43:32.326,74.2,77,757.7,0.0,0.042233,,,
01:43:32.368,74.3,77,769.8,0.0,0.04157,,,
01:43:32.409,74.8,77,771.2,0.0,0.041492,,,
01:43:32.451,75.2,77,769.1,0.0,0.041606,,,
01:43:32.493,75.5,77,768.6,0.0,0.041632,,,
01:43:32.534,76.0,77,763.3,0.0,0.041922,,,
01:43:32.576,76.5,77,760.6,0.0,0.042073,,,
01:43:32.619,76.3,77,756.6,0.0,0.042296,,,
01:43:32.621,,,,,,True,1,
01:43:32.651,76.5,77,274.3,410.525856,0.0,,,
01:43:32.692,76.8,77,786.9,0.0,0.073484,,,
01:43:32.734,76.8,78,764.2,0.0,0.041875,,,
01:43:32.776,74.2,78,755.0,0.0,0.042385,,,
01:43:32.778,,,,,,True,1,
01:43:32.809,74.3,78,274.7,410.683532,0.0,,,
01:43:32.850,74.7,78,789.8,0.0,0.073286,,,
01:43:32.892,74.8,78,761.5,0.0,0.042022,,,
01:43:32.934,75.3,78,764.2,0.0,0.041871,,,
01:43:32.976,75.5,78,759.2,0.0,0.042148,,,
01:43:33.018,75.8,78,755.2,0.0,0.042374,,,
01:43:33.061,76.0,78,752.2,0.0,0.042544,,,
01:43:33.103,76.2,80,753.5,0.0,0.042469,,,
01:43:33.146,76.8,80,751.6,0.0,0.042578,,,
01:43:33.188,77.2,80,760.2,0.0,0.042094,,,
01:43:33.230,77.5,80,762.1,0.0,0.041988,,,
01:43:33.272,77.8,80,762.9,0.0,0.041945,,,
01:43:33.314,78.3,77,763.2,0.0,0.041929,,,
01:43:33.356,78.6,77,753.6,0.0,0.042464,,,
01:43:33.399,79.0,77,750.5,0.0,0.042641,,,
01:43:33.441,78.6,77,759.4,0.0,0.042141,,,
01:43:33.443,,,,,,True,1,
01:43:33.473,78.8,77,274.5,411.348003,0.0,,,
01:43:33.515,79.5,78,780.9,0.0,0.073766,,,
01:43:33.557,79.8,78,753.6,0.0,0.042461,,,
01:43:33.600,80.0,78,744.6,0.0,0.042978,,,
01:43:33.646,80.5,78,705.3,0.0,0.04537,,,
01:43:33.689,80.6,78,736.7,0.0,0.043435,,,
01:43:33.732,80.8,74,745.7,0.0,0.042915,,,
01:43:33.775,81.0,74,746.7,0.0,0.042857,,,
01:43:33.818,81.3,74,749.6,0.0,0.042692,,,
01:43:33.861,82.0,74,739.9,0.0,0.043247,,,
01:43:33.904,82.3,80,743.8,0.0,0.043021,,,
01:43:33.947,82.6,80,738.3,0.0,0.043342,,,
01:43:33.990,82.9,80,742.6,0.0,0.04309,,,
01:43:34.033,83.4,80,747.5,0.0,0.042811,,,
01:43:34.076,83.8,80,737.3,0.0,0.043401,,,
01:43:34.119,84.1,75,746.8,0.0,0.042847,,,
01:43:34.163,83.3,75,742.9,0.0,0.043072,,,
01:43:34.165,,,,,,True,1,
01:43:34.195,83.4,75,270.9,412.069724,0.0,,,
01:43:34.238,84.1,75,762.9,0.0,0.07517,,,
01:43:34.281,84.4,75,743.2,0.0,0.043059,,,
01:43:34.324,84.6,77,748.6,0.0,0.042746,,,
01:43:34.366,85.1,77,739.3,0.0,0.043286,,,
01:43:34.409,85.3,77,747.3,0.0,0.042823,,,
01:43:34.452,85.4,77,750.1,0.0,0.042658,,,
01:43:34.495,80.3,77,751.1,0.0,0.042601,,,
01:43:34.497,,,,,,True,1,
01:43:34.530,80.5,77,249.5,412.404891,0.0,,,
01:43:34.572,81.0,77,779.2,0.0,0.077139,,,
01:43:34.614,81.5,77,758.4,0.0,0.042195,,,
01:43:34.656,81.8,77,750.9,0.0,0.042617,,,
01:43:34.701,82.1,79,752.5,0.0,0.042526,,,
01:43:34.744,82.3,79,712.4,0.0,0.044918,,,
01:43:34.786,82.8,79,753.8,0.0,0.042452,,,
01:43:34.829,83.1,79,753.9,0.0,0.042447,,,
01:43:34.871,83.6,79,753.1,0.0,0.042492,,,
01:43:34.914,83.6,77,744.0,0.0,0.043013,,,
01:43:34.958,84.3,77,740.3,0.0,0.043226,,,
01:43:35.002,84.6,77,730.1,0.0,0.043829,,,
01:43:35.045,84.8,77,732.6,0.0,0.043683,,,
01:43:35.089,85.3,77,725.1,0.0,0.044134,,,
01:43:35.132,85.4,74,742.6,0.0,0.043093,,,
01:43:35.175,85.6,74,744.2,0.0,0.042997,,,
01:43:35.219,85.8,74,741.6,0.0,0.043147,,,
01:43:35.262,81.0,74,737.2,0.0,0.04341,,,
01:43:35.264,,,,,,True,1,
01:43:35.294,81.1,74,275.7,413.168764,0.0,,,
01:43:35.336,81.6,78,776.1,0.0,0.073879,,,
01:43:35.379,82.0,78,747.6,0.0,0.042801,,,
01:43:35.422,82.3,78,744.3,0.0,0.042995,,,
01:43:35.464,82.5,78,747.0,0.0,0.042839,,,
01:43:35.507,82.8,80,756.3,0.0,0.042314,,,
01:43:35.549,83.1,80,755.0,0.0,0.042384,,,
01:43:35.592,78.3,80,750.8,0.0,0.04262,,,
01:43:35.594,,,,,,True,1,
01:43:35.624,78.5,80,277.7,413.498336,0.0,,,
01:43:35.665,78.6,80,781.2,0.0,0.07337,,,
01:43:35.707,79.3,79,761.4,0.0,0.042026,,,
01:43:35.749,79.6,79,761.2,0.0,0.042041,,,
01:43:35.791,79.8,79,761.5,0.0,0.04202,,,
01:43:35.834,80.1,79,754.9,0.0,0.042388,,,
01:43:35.876,80.3,79,748.8,0.0,0.042735,,,
01:43:35.919,80.5,76,749.9,0.0,0.042671,,,
01:43:35.962,80.8,76,743.3,0.0,0.04305,,,
01:43:36.005,81.3,76,745.9,0.0,0.042902,,,
01:43:36.047,81.8,76,751.3,0.0,0.042591,,,
01:43:36.090,82.1,76,752.9,0.0,0.0425,,,
01:43:36.133,82.5,76,749.1,0.0,0.04272,,,
01:43:36.175,82.6,76,748.8,0.0,0.042732,,,
01:43:36.218,82.9,76,749.7,0.0,0.042684,,,
01:43:36.262,83.3,76,740.4,0.0,0.04322,,,
01:43:36.306,83.8,80,722.5,0.0,0.04429,,,
01:43:36.349,83.9,80,744.5,0.0,0.042982,,,
01:43:36.392,83.1,80,746.1,0.0,0.042889,,,
01:43:36.394,,,,,,True,1,
01:43:36.423,83.3,80,278.4,414.298055,0.0,,,
01:43:36.465,83.6,80,774.8,0.0,0.073632,,,
01:43:36.508,83.8,78,754.4,0.0,0.042416,,,
01:43:36.550,79.3,78,753.4,0.0,0.042472,,,
01:43:36.552,,,,,,True,1,
01:43:36.582,79.5,78,279.6,414.456421,0.0,,,
01:43:36.623,77.2,78,780.4,0.0,0.073201,,,
01:43:36.625,,,,,,True,1,
01:43:36.655,77.3,78,281.1,414.529428,0.0,,,
01:43:36.697,77.3,78,776.8,0.0,0.073213,,,
01:43:36.739,77.6,78,749.9,0.0,0.042671,,,
01:43:36.782,78.1,78,754.0,0.0,0.042442,,,
01:43:36.824,78.8,78,753.8,0.0,0.042451,,,
01:43:36.866,79.0,78,756.1,0.0,0.042323,,,
01:43:36.908,79.3,79,758.8,0.0,0.04217,,,
01:43:36.951,79.6,79,759.9,0.0,0.042113,,,
01:43:36.993,80.1,79,756.2,0.0,0.042314,,,
01:43:37.036,80.5,79,747.7,0.0,0.042798,,,
01:43:37.079,80.8,79,746.1,0.0,0.042889,,,
01:43:37.122,81.0,76,745.6,0.0,0.042916,,,
01:43:37.164,81.6,76,749.4,0.0,0.0427,,,
01:43:37.206,82.0,76,758.0,0.0,0.042214,,,
01:43:37.249,82.1,76,756.7,0.0,0.04229,,,
01:43:37.291,82.5,76,755.1,0.0,0.042377,,,
01:43:37.334,82.6,76,749.9,0.0,0.042672,,,
01:43:37.377,82.6,76,746.2,0.0,0.042886,,,
01:43:37.420,82.9,76,744.4,0.0,0.042989,,,
01:43:37.463,83.4,76,746.1,0.0,0.042891,,,
01:43:37.506,84.1,80,741.3,0.0,0.043167,,,
01:43:37.548,84.3,80,753.7,0.0,0.042458,,,
01:43:37.591,84.6,80,753.1,0.0,0.042493,,,
01:43:37.634,84.9,80,749.0,0.0,0.042722,,,
01:43:37.677,85.4,80,736.3,0.0,0.043458,,,
01:43:37.720,85.8,76,741.2,0.0,0.043171,,,
01:43:37.763,86.1,76,746.5,0.0,0.042866,,,
01:43:37.806,86.3,76,748.7,0.0,0.042741,,,
01:43:37.849,86.9,76,745.7,0.0,0.042915,,,
01:43:37.892,87.3,76,743.9,0.0,0.043017,,,
01:43:37.935,87.4,76,745.7,0.0,0.042912,,,
01:43:37.979,87.7,76,724.5,0.0,0.044169,,,
01:43:38.023,87.9,76,725.8,0.0,0.04409,,,
01:43:38.067,87.9,76,729.9,0.0,0.043844,,,
01:43:38.110,88.2,79,734.4,0.0,0.043573,,,
01:43:38.154,88.7,79,735.1,0.0,0.043534,,,
01:43:38.198,84.1,79,733.5,0.0,0.043625,,,
01:43:38.200,,,,,,True,1,
01:43:38.230,84.3,79,274.5,416.104251,0.0,,,
01:43:38.272,84.4,79,771.8,0.0,0.074249,,,
01:43:38.315,84.8,77,741.6,0.0,0.043151,,,
01:43:38.358,85.1,77,744.6,0.0,0.042979,,,
01:43:38.401,80.3,77,739.8,0.0,0.043254,,,
01:43:38.403,,,,,,True,1,
01:43:38.434,80.5,77,273.4,416.307997,0.0,,,
01:43:38.476,80.6,77,767.4,0.0,0.07462,,,
01:43:38.518,81.0,77,752.4,0.0,0.04253,,,
01:43:38.561,81.1,77,747.6,0.0,0.042801,,,
01:43:38.604,82.0,77,742.6,0.0,0.043094,,,
01:43:38.645,82.1,77,769.1,0.0,0.041605,,,
01:43:38.687,82.3,77,765.9,0.0,0.041783,,,
01:43:38.731,77.3,76,742.0,0.0,0.043126,,,
01:43:38.733,,,,,,True,1,
01:43:38.763,77.5,76,273.3,416.637546,0.0,,,
01:43:38.805,77.8,76,779.0,0.0,0.074009,,,
01:43:38.849,77.8,76,718.3,0.0,0.044552,,,
01:43:38.892,78.1,76,752.9,0.0,0.0425,,,
01:43:38.935,78.6,77,747.6,0.0,0.042805,,,
01:43:38.979,79.1,77,722.8,0.0,0.044275,,,
01:43:39.022,74.0,77,735.9,0.0,0.043486,,,
01:43:39.024,,,,,,True,1,
01:43:39.055,74.2,77,269.0,416.929687,0.0,,,
01:43:39.100,74.5,78,734.9,0.0,0.077003,,,
01:43:39.144,75.0,78,716.8,0.0,0.04464,,,
01:43:39.188,75.5,78,731.6,0.0,0.043738,,,
01:43:39.231,75.7,78,743.7,0.0,0.043026,,,
01:43:39.274,75.8,78,738.4,0.0,0.043337,,,
01:43:39.318,76.0,73,736.1,0.0,0.043474,,,
01:43:39.361,76.8,73,738.4,0.0,0.043336,,,
01:43:39.403,77.2,73,751.6,0.0,0.042578,,,
01:43:39.446,77.3,73,753.6,0.0,0.04246,,,
01:43:39.488,77.6,73,757.7,0.0,0.042232,,,
01:43:39.530,78.0,75,763.2,0.0,0.04193,,,
01:43:39.572,78.0,75,753.3,0.0,0.042481,,,
01:43:39.615,74.8,75,751.5,0.0,0.042582,,,
01:43:39.617,,,,,,True,1,
01:43:39.647,75.0,75,274.4,417.521828,0.0,,,
01:43:39.688,75.5,75,788.3,0.0,0.073395,,,
01:43:39.730,76.0,78,760.0,0.0,0.042107,,,
01:43:39.772,76.2,78,762.8,0.0,0.041953,,,
01:43:39.815,76.3,78,759.4,0.0,0.042136,,,
01:43:39.857,76.8,78,758.5,0.0,0.042186,,,
01:43:39.900,77.3,80,751.2,0.0,0.042598,,,
01:43:39.942,77.5,80,746.5,0.0,0.04287,,,
01:43:39.985,77.8,80,749.2,0.0,0.04271,,,
01:43:40.027,78.0,80,758.1,0.0,0.042212,,,
01:43:40.069,78.8,80,755.9,0.0,0.042332,,,
01:43:40.112,79.1,76,753.1,0.0,0.04249,,,
01:43:40.155,79.3,76,743.7,0.0,0.043031,,,
01:43:40.198,79.6,76,745.3,0.0,0.042936,,,
01:43:40.242,80.0,76,731.2,0.0,0.043766,,,
01:43:40.286,80.0,76,718.2,0.0,0.044558,,,
01:43:40.329,80.3,73,748.4,0.0,0.042758,,,
01:43:40.372,80.8,73,753.1,0.0,0.042494,,,
01:43:40.414,81.3,73,751.1,0.0,0.042605,,,
01:43:40.457,81.5,73,748.0,0.0,0.042782,,,
01:43:40.500,81.6,80,740.0,0.0,0.043243,,,
01:43:40.543,82.1,80,751.0,0.0,0.042612,,,
01:43:40.585,82.6,80,756.2,0.0,0.042319,,,
01:43:40.628,77.5,80,754.7,0.0,0.042399,,,
01:43:40.629,,,,,,True,1,
01:43:40.659,77.6,80,278.7,418.533789,0.0,,,
01:43:40.701,78.0,79,781.0,0.0,0.073261,,,
01:43:40.743,78.1,79,753.7,0.0,0.042458,,,
01:43:40.785,79.0,79,761.7,0.0,0.04201,,,
01:43:40.827,79.3,79,758.7,0.0,0.042178,,,
01:43:40.870,78.6,79,758.4,0.0,0.042193,,,
01:43:40.872,,,,,,True,1,
01:43:40.901,78.8,77,279.5,418.775781,0.0,,,
01:43:40.943,79.1,77,780.5,0.0,0.073198,,,
01:43:40.986,79.3,77,744.6,0.0,0.042975,,,
01:43:41.028,79.5,77,753.8,0.0,0.042451,,,
01:43:41.071,74.5,77,750.6,0.0,0.042633,,,
01:43:41.073,,,,,,True,1,
01:43:41.103,74.7,78,278.7,418.977116,0.0,,,
01:43:41.144,75.2,78,789.9,0.0,0.072804,,,
01:43:41.185,75.7,78,765.0,0.0,0.041832,,,
01:43:41.228,75.8,78,759.8,0.0,0.042115,,,
01:43:41.270,76.2,78,760.4,0.0,0.042081,,,
01:43:41.312,76.5,79,763.1,0.0,0.041936,,,
01:43:41.354,77.0,79,754.2,0.0,0.042428,,,
01:43:41.397,77.2,79,751.1,0.0,0.042605,,,
01:43:41.439,77.6,79,752.4,0.0,0.042533,,,
01:43:41.482,77.8,79,749.2,0.0,0.042714,,,
01:43:41.524,78.6,75,758.8,0.0,0.042175,,,
01:43:41.566,79.0,75,761.5,0.0,0.042024,,,
01:43:41.608,79.0,75,758.4,0.0,0.042192,,,
01:43:41.650,79.3,75,761.9,0.0,0.042002,,,
01:43:41.693,79.5,75,759.4,0.0,0.042139,,,
01:43:41.738,79.6,77,711.0,0.0,0.045007,,,
01:43:41.780,80.0,77,754.9,0.0,0.042387,,,
01:43:41.823,78.0,77,749.2,0.0,0.04271,,,
01:43:41.825,,,,,,True,1,
01:43:41.854,78.1,77,277.9,419.728872,0.0,,,
01:43:41.899,78.6,79,774.3,0.0,0.073712,,,
01:43:41.942,78.6,79,703.5,0.0,0.04549,,,
01:43:41.984,79.0,79,751.0,0.0,0.042611,,,
01:43:42.027,79.3,79,747.8,0.0,0.042791,,,
01:43:42.070,79.8,79,750.9,0.0,0.042614,,,
01:43:42.112,80.0,76,752.0,0.0,0.042555,,,
01:43:42.156,80.5,76,742.1,0.0,0.043123,,,
01:43:42.198,80.8,76,748.9,0.0,0.042727,,,
01:43:42.241,81.6,76,747.1,0.0,0.042835,,,
01:43:42.284,82.0,76,749.8,0.0,0.042679,,,
01:43:42.326,82.0,75,756.0,0.0,0.042326,,,
01:43:42.368,82.3,75,755.8,0.0,0.042341,,,
01:43:42.411,82.5,75,752.2,0.0,0.042543,,,
01:43:42.453,82.6,75,749.8,0.0,0.04268,,,
01:43:42.499,82.9,79,749.6,0.0,0.042688,,,
01:43:42.541,83.4,79,709.6,0.0,0.045097,,,
01:43:42.584,83.9,79,750.0,0.0,0.042665,,,
01:43:42.626,83.9,79,752.7,0.0,0.042516,,,
01:43:42.669,84.3,79,753.3,0.0,0.04248,,,
01:43:42.711,84.6,77,753.1,0.0,0.04249,,,
01:43:42.754,85.1,77,746.7,0.0,0.042853,,,
01:43:42.798,84.6,77,744.4,0.0,0.04299,,,
01:43:42.800,,,,,,True,1,
01:43:42.830,84.8,77,275.2,420.703975,0.0,,,
01:43:42.872,80.0,77,764.2,0.0,0.074573,,,
01:43:42.873,,,,,,True,1,
01:43:42.903,80.1,78,283.4,420.777587,0.0,,,
01:43:42.945,78.8,78,781.7,0.0,0.07269,,,
01:43:42.947,,,,,,True,1,
01:43:42.977,79.0,78,274.5,420.851295,0.0,,,
01:43:43.019,79.8,78,770.5,0.0,0.074319,,,
01:43:43.061,80.1,78,751.8,0.0,0.042562,,,
01:43:43.104,80.1,80,752.9,0.0,0.042504,,,
01:43:43.146,80.3,80,759.6,0.0,0.042125,,,
01:43:43.188,80.5,80,758.5,0.0,0.042186,,,
01:43:43.233,80.6,80,717.7,0.0,0.044584,,,
01:43:43.273,81.1,80,776.2,0.0,0.041228,,,
01:43:43.313,76.5,77,814.5,0.0,0.039289,,,
01:43:43.315,,,,,,True,1,
01:43:43.345,76.7,77,276.2,421.219872,0.0,,,
01:43:43.387,77.2,77,780.6,0.0,0.073582,,,
01:43:43.430,77.2,77,746.1,0.0,0.042892,,,
01:43:43.473,77.5,77,741.7,0.0,0.043141,,,
01:43:43.516,77.6,78,750.0,0.0,0.042668,,,
01:43:43.559,78.0,78,747.1,0.0,0.04283,,,
01:43:43.602,78.1,78,745.0,0.0,0.04295,,,
01:43:43.645,78.6,78,731.9,0.0,0.043722,,,
01:43:43.689,79.1,78,737.0,0.0,0.043422,,,
01:43:43.732,80.0,74,748.5,0.0,0.04275,,,
01:43:43.775,80.3,74,742.7,0.0,0.043085,,,
01:43:43.818,80.3,74,745.7,0.0,0.042912,,,
01:43:43.860,75.2,74,751.0,0.0,0.042609,,,
01:43:43.862,,,,,,True,1,
01:43:43.892,75.3,74,273.4,421.766744,0.0,,,
01:43:43.937,75.5,78,731.9,0.0,0.076634,,,
01:43:43.980,75.7,78,745.5,0.0,0.042923,,,
01:43:44.023,76.2,78,742.3,0.0,0.043112,,,
01:43:44.065,76.8,78,757.0,0.0,0.042271,,,
01:43:44.107,77.2,78,761.7,0.0,0.042009,,,
01:43:44.149,77.2,78,757.3,0.0,0.042253,,,
01:43:44.191,77.5,78,762.4,0.0,0.041971,,,
01:43:44.233,72.5,78,759.3,0.0,0.042145,,,
01:43:44.235,,,,,,True,1,
01:43:44.265,72.7,78,276.0,422.139738,0.0,,,
01:43:44.306,73.0,78,794.9,0.0,0.072866,,,
01:43:44.348,73.2,78,770.7,0.0,0.041519,,,
01:43:44.389,68.4,78,768.7,0.0,0.041628,,,
01:43:44.391,,,,,,True,1,
01:43:44.421,68.5,78,277.9,422.295479,0.0,,,
01:43:44.462,69.0,78,795.7,0.0,0.072598,,,
01:43:44.503,69.7,79,768.5,0.0,0.04164,,,
01:43:44.545,70.0,79,771.4,0.0,0.041484,,,
01:43:44.586,70.0,79,776.2,0.0,0.041225,,,
01:43:44.628,70.2,79,775.3,0.0,0.041273,,,
01:43:44.669,70.4,79,765.3,0.0,0.041816,,,
01:43:44.710,70.5,77,776.1,0.0,0.041234,,,
01:43:44.752,71.2,77,771.6,0.0,0.041473,,,
01:43:44.794,71.9,77,769.6,0.0,0.04158,,,
01:43:44.836,72.2,77,762.3,0.0,0.041975,,,
01:43:44.878,72.2,77,766.5,0.0,0.041751,,,
01:43:44.919,72.5,76,764.5,0.0,0.041858,,,
01:43:44.961,72.8,76,761.5,0.0,0.042025,,,
01:43:45.003,73.2,76,764.3,0.0,0.041867,,,
01:43:45.045,71.9,76,761.1,0.0,0.042043,,,
01:43:45.047,,,,,,True,1,
01:43:45.077,72.0,76,276.7,422.951442,0.0,,,
01:43:45.119,72.5,78,783.5,0.0,0.073366,,,
01:43:45.161,73.0,78,757.6,0.0,0.042241,,,
01:43:45.203,73.7,78,764.8,0.0,0.041839,,,
01:43:45.244,73.8,78,767.8,0.0,0.04168,,,
01:43:45.286,73.8,78,772.1,0.0,0.041445,,,
01:43:45.327,74.0,76,771.3,0.0,0.041489,,,
01:43:45.369,74.2,76,765.7,0.0,0.041791,,,
01:43:45.411,74.5,76,766.5,0.0,0.041746,,,
01:43:45.453,75.2,76,762.0,0.0,0.041995,,,
01:43:45.498,75.8,79,757.3,0.0,0.042254,,,
01:43:45.540,76.2,79,711.8,0.0,0.04496,,,
01:43:45.582,76.2,79,754.6,0.0,0.042408,,,
01:43:45.624,76.5,79,762.5,0.0,0.041967,,,
01:43:45.666,76.8,79,761.0,0.0,0.042051,,,
01:43:45.708,77.2,77,760.5,0.0,0.042077,,,
01:43:45.750,77.3,77,764.8,0.0,0.041843,,,
01:43:45.793,77.8,77,756.3,0.0,0.042311,,,
01:43:45.835,73.0,77,752.8,0.0,0.042506,,,
01:43:45.837,,,,,,True,1,
01:43:45.867,73.2,77,274.0,423.74171,0.0,,,
01:43:45.908,73.8,78,794.8,0.0,0.073107,,,
01:43:45.950,74.0,78,759.7,0.0,0.04212,,,
01:43:45.993,74.0,78,748.2,0.0,0.042771,,,
01:43:46.036,74.2,78,756.2,0.0,0.042318,,,
01:43:46.078,74.3,78,754.4,0.0,0.042416,,,
01:43:46.120,74.7,75,753.8,0.0,0.042449,,,
01:43:46.162,75.3,75,760.8,0.0,0.04206,,,
01:43:46.204,76.0,75,762.7,0.0,0.041956,,,
01:43:46.246,76.3,75,764.3,0.0,0.04187,,,
01:43:46.289,76.3,75,747.3,0.0,0.04282,,,
01:43:46.336,76.7,75,682.7,0.0,0.046872,,,
01:43:46.378,77.0,75,755.8,0.0,0.042342,,,
01:43:46.421,77.3,75,752.7,0.0,0.042514,,,
01:43:46.463,74.8,75,760.7,0.0,0.042064,,,
01:43:46.465,,,,,,True,1,
01:43:46.497,75.0,78,278.4,424.36886,0.0,,,
01:43:46.539,75.5,78,738.4,0.0,0.075672,,,
01:43:46.581,75.8,78,757.6,0.0,0.042239,,,
01:43:46.622,76.5,78,766.5,0.0,0.04175,,,
01:43:46.664,76.7,78,764.6,0.0,0.041851,,,
01:43:46.706,76.7,78,765.9,0.0,0.041783,,,
01:43:46.748,76.8,78,763.7,0.0,0.041902,,,
01:43:46.790,77.0,78,761.2,0.0,0.042037,,,
01:43:46.832,77.5,78,753.6,0.0,0.042464,,,
01:43:46.875,78.1,78,754.1,0.0,0.042434,,,
01:43:46.917,78.8,76,758.8,0.0,0.042174,,,
01:43:46.960,73.8,76,753.9,0.0,0.042445,,,
01:43:46.962,,,,,,True,1,
01:43:46.992,74.0,76,271.4,424.866415,0.0,,,
01:43:47.034,74.0,76,782.3,0.0,0.074059,,,
01:43:47.076,70.9,76,753.3,0.0,0.04248,,,
01:43:47.078,,,,,,True,2,
01:43:47.108,71.2,77,547.6,424.982651,0.0,,,
01:43:47.149,71.5,77,793.5,0.0,0.073198,,,
01:43:47.191,71.9,77,769.4,0.0,0.041593,,,
01:43:47.233,71.9,77,762.0,0.0,0.041994,,,
01:43:47.275,72.4,77,761.8,0.0,0.042007,,,
01:43:47.317,72.7,78,767.4,0.0,0.041699,,,
01:43:47.359,73.5,78,764.0,0.0,0.041883,,,
01:43:47.400,73.7,78,767.2,0.0,0.041709,,,
01:43:47.443,74.0,78,742.7,0.0,0.043088,,,
01:43:47.485,74.0,78,762.7,0.0,0.041955,,,
01:43:47.528,74.2,76,755.6,0.0,0.042352,,,
01:43:47.570,69.4,76,754.0,0.0,0.042443,,,
01:43:47.572,,,,,,True,1,
01:43:47.602,69.5,76,274.9,425.476408,0.0,,,
01:43:47.643,70.2,76,794.2,0.0,0.073038,,,
01:43:47.684,70.9,76,771.4,0.0,0.041484,,,
01:43:47.726,71.0,78,772.9,0.0,0.041403,,,
01:43:47.767,71.0,78,774.5,0.0,0.041316,,,
01:43:47.809,71.2,78,773.4,0.0,0.041376,,,
01:43:47.850,71.5,78,768.0,0.0,0.041665,,,
01:43:47.892,71.9,78,761.7,0.0,0.042012,,,
01:43:47.935,70.0,78,750.3,0.0,0.04265,,,
01:43:47.937,,,,,,True,1,
01:43:47.967,70.2,78,272.8,425.84158,0.0,,,
01:43:48.010,70.5,78,754.3,0.0,0.075415,,,
01:43:48.053,70.9,78,758.5,0.0,0.042189,,,
01:43:48.097,71.7,77,723.4,0.0,0.044233,,,
01:43:48.140,71.9,77,754.0,0.0,0.042439,,,
01:43:48.182,72.2,77,752.6,0.0,0.042519,,,
01:43:48.223,72.2,77,766.2,0.0,0.041765,,,
01:43:48.266,72.4,77,760.7,0.0,0.042068,,,
01:43:48.308,73.0,76,750.3,0.0,0.04265,,,
01:43:48.350,73.7,76,766.3,0.0,0.041758,,,
01:43:48.392,74.3,76,762.5,0.0,0.041969,,,
01:43:48.434,74.5,76,761.6,0.0,0.042014,,,
01:43:48.476,74.5,76,758.5,0.0,0.042191,,,
01:43:48.519,74.7,76,756.0,0.0,0.042328,,,
01:43:48.561,73.5,76,758.5,0.0,0.042188,,,
01:43:48.563,,,,,,True,1,
01:43:48.592,73.7,76,279.1,426.466547,0.0,,,
01:43:48.634,74.0,76,784.1,0.0,0.073064,,,
01:43:48.676,74.2,76,759.8,0.0,0.042117,,,
01:43:48.719,73.8,78,751.1,0.0,0.042601,,,
01:43:48.721,,,,,,True,1,
01:43:48.751,74.0,78,273.1,426.625021,0.0,,,
01:43:48.792,74.3,78,780.9,0.0,0.073939,,,
01:43:48.835,75.2,78,760.2,0.0,0.042094,,,
01:43:48.877,75.3,78,755.2,0.0,0.042372,,,
01:43:48.919,75.7,78,760.1,0.0,0.042102,,,
01:43:48.961,75.8,78,754.3,0.0,0.042425,,,
01:43:49.003,76.0,78,758.8,0.0,0.042171,,,
01:43:49.045,76.5,78,761.7,0.0,0.042009,,,
01:43:49.087,77.3,78,762.6,0.0,0.04196,,,
01:43:49.130,77.8,76,761.1,0.0,0.042042,,,
01:43:49.172,78.0,76,753.2,0.0,0.042483,,,
01:43:49.214,78.0,76,757.0,0.0,0.04227,,,
01:43:49.257,78.1,76,754.0,0.0,0.042439,,,
01:43:49.299,78.5,80,756.8,0.0,0.042284,,,
01:43:49.342,78.8,80,750.8,0.0,0.04262,,,
01:43:49.384,79.0,80,756.9,0.0,0.04228,,,
01:43:49.426,79.3,80,757.8,0.0,0.04223,,,
01:43:49.469,79.6,80,749.3,0.0,0.042707,,,
01:43:49.511,80.5,76,754.1,0.0,0.042433,,,
01:43:49.554,80.6,76,751.3,0.0,0.042595,,,
01:43:49.597,81.0,76,748.9,0.0,0.042732,,,
01:43:49.640,81.1,76,743.0,0.0,0.04307,,,
01:43:49.683,81.3,76,745.5,0.0,0.042924,,,
01:43:49.725,81.8,75,752.1,0.0,0.042546,,,
01:43:49.768,82.6,75,747.6,0.0,0.042804,,,
01:43:49.810,83.1,75,755.2,0.0,0.042372,,,
01:43:49.854,83.3,75,742.0,0.0,0.043125,,,
01:43:49.897,83.3,80,738.5,0.0,0.043328,,,
01:43:49.940,83.4,80,746.0,0.0,0.042897,,,
01:43:49.983,83.8,80,743.1,0.0,0.043065,,,
01:43:50.026,84.1,80,742.8,0.0,0.043079,,,
01:43:50.069,84.3,80,743.4,0.0,0.043046,,,
01:43:50.112,84.6,76,742.6,0.0,0.043094,,,
01:43:50.157,84.9,76,718.4,0.0,0.044545,,,
01:43:50.200,85.8,76,735.9,0.0,0.043483,,,
01:43:50.244,80.6,76,728.2,0.0,0.043946,,,
01:43:50.246,,,,,,True,1,
01:43:50.277,80.8,76,267.8,428.151166,0.0,,,
01:43:50.320,81.1,76,760.8,0.0,0.075675,,,
01:43:50.362,81.3,76,750.0,0.0,0.042667,,,
01:43:50.405,81.5,76,753.9,0.0,0.042444,,,
01:43:50.448,82.0,76,747.4,0.0,0.042813,,,
01:43:50.490,82.6,76,752.2,0.0,0.042542,,,
01:43:50.535,83.1,77,714.6,0.0,0.04478,,,
01:43:50.578,83.3,77,748.0,0.0,0.042781,,,
01:43:50.621,83.4,77,745.0,0.0,0.042953,,,
01:43:50.663,83.6,77,750.8,0.0,0.042624,,,
01:43:50.708,78.6,78,721.3,0.0,0.044363,,,
01:43:50.710,,,,,,True,1,
01:43:50.740,78.8,78,277.2,428.613639,0.0,,,
01:43:50.781,79.1,78,779.9,0.0,0.073494,,,
01:43:50.823,79.3,78,755.1,0.0,0.042378,,,
01:43:50.866,79.6,78,756.9,0.0,0.042279,,,
01:43:50.908,80.0,78,756.0,0.0,0.042327,,,
01:43:50.951,80.6,78,748.3,0.0,0.042762,,,
01:43:50.994,78.8,78,743.0,0.0,0.043067,,,
01:43:50.996,,,,,,True,1,
01:43:51.026,79.0,78,273.1,428.900417,0.0,,,
01:43:51.068,79.3,78,771.2,0.0,0.074445,,,
01:43:51.111,79.6,77,753.8,0.0,0.04245,,,
01:43:51.154,79.8,77,750.6,0.0,0.042632,,,
01:43:51.197,80.3,77,742.9,0.0,0.043077,,,
01:43:51.239,81.0,77,749.8,0.0,0.042677,,,
01:43:51.281,81.5,77,758.3,0.0,0.042199,,,
01:43:51.323,81.6,76,759.5,0.0,0.042134,,,
01:43:51.366,82.0,76,758.9,0.0,0.042169,,,
01:43:51.408,82.1,76,749.4,0.0,0.042698,,,
01:43:51.451,82.5,76,745.6,0.0,0.042917,,,
01:43:51.496,77.5,79,748.1,0.0,0.042773,,,
01:43:51.498,,,,,,True,1,
01:43:51.528,77.6,79,260.2,429.4022,0.0,,,
01:43:51.570,77.8,79,772.9,0.0,0.075986,,,
01:43:51.615,78.1,79,717.6,0.0,0.044593,,,
01:43:51.659,78.3,79,720.7,0.0,0.0444,,,
01:43:51.702,79.0,76,731.5,0.0,0.043747,,,
01:43:51.742,79.0,76,808.7,0.0,0.039568,,,
01:43:51.783,79.3,76,780.1,0.0,0.041021,,,
01:43:51.826,79.6,76,757.7,0.0,0.042235,,,
01:43:51.868,80.0,76,749.3,0.0,0.042708,,,
01:43:51.911,80.5,78,750.1,0.0,0.042661,,,
01:43:51.955,81.1,78,739.8,0.0,0.043254,,,
01:43:51.998,81.6,78,736.2,0.0,0.043464,,,
01:43:52.041,81.8,78,737.2,0.0,0.04341,,,
01:43:52.084,82.1,78,744.7,0.0,0.042973,,,
01:43:52.127,82.3,74,745.3,0.0,0.042938,,,
01:43:52.170,77.3,74,745.4,0.0,0.042927,,,
01:43:52.172,,,,,,True,1,
01:43:52.202,77.5,74,273.9,430.076346,0.0,,,
01:43:52.244,77.8,74,783.8,0.0,0.073689,,,
01:43:52.286,78.0,74,757.9,0.0,0.042224,,,
01:43:52.328,78.3,78,756.6,0.0,0.042295,,,
01:43:52.371,78.5,78,752.8,0.0,0.042506,,,
01:43:52.414,79.0,78,749.6,0.0,0.042689,,,
01:43:52.456,79.0,78,754.7,0.0,0.0424,,,
01:43:52.499,79.3,80,751.5,0.0,0.042579,,,
01:43:52.541,79.8,80,752.0,0.0,0.042555,,,
01:43:52.583,80.1,80,754.5,0.0,0.042412,,,
01:43:52.626,80.6,80,755.2,0.0,0.042372,,,
01:43:52.669,81.3,80,744.7,0.0,0.042968,,,
01:43:52.712,76.5,76,746.6,0.0,0.042862,,,
01:43:52.714,,,,,,True,1,
01:43:52.744,76.7,76,273.8,430.617884,0.0,,,
01:43:52.785,73.0,76,788.8,0.0,0.073433,,,
01:43:52.787,,,,,,True,1,
01:43:52.816,73.2,76,282.9,430.690244,0.0,,,
01:43:52.858,73.5,76,784.7,0.0,0.072592,,,
01:43:52.900,73.7,81,759.5,0.0,0.04213,,,
01:43:52.941,74.0,81,768.8,0.0,0.041626,,,
01:43:52.983,74.0,81,764.2,0.0,0.041876,,,
01:43:53.025,74.2,81,761.7,0.0,0.042012,,,
01:43:53.067,74.5,81,761.1,0.0,0.042042,,,
01:43:53.110,68.2,76,758.8,0.0,0.042172,,,
01:43:53.111,,,,,,True,2,
01:43:53.142,68.5,76,549.7,431.015609,0.0,,,
01:43:53.183,69.2,76,791.3,0.0,0.073185,,,
01:43:53.224,69.2,76,772.3,0.0,0.041432,,,
01:43:53.265,69.5,76,774.9,0.0,0.041297,,,
01:43:53.307,70.0,78,770.6,0.0,0.041527,,,
01:43:53.348,70.2,78,771.8,0.0,0.041459,,,
01:43:53.390,70.5,78,765.7,0.0,0.041793,,,
01:43:53.432,71.2,78,758.9,0.0,0.042167,,,
01:43:53.475,72.0,78,756.6,0.0,0.042293,,,
01:43:53.517,72.2,76,765.5,0.0,0.0418,,,
01:43:53.559,72.5,76,760.0,0.0,0.042105,,,
01:43:53.601,69.5,76,755.0,0.0,0.042383,,,
01:43:53.603,,,,,,True,1,
01:43:53.634,69.7,76,272.1,431.507336,0.0,,,
01:43:53.676,70.0,76,766.1,0.0,0.074842,,,
01:43:53.718,70.0,77,749.4,0.0,0.042699,,,
01:43:53.760,70.2,77,764.4,0.0,0.041865,,,
01:43:53.802,70.5,77,767.2,0.0,0.041708,,,
01:43:53.844,70.9,77,765.0,0.0,0.041828,,,
01:43:53.886,71.5,77,761.6,0.0,0.042019,,,
01:43:53.927,71.5,76,772.0,0.0,0.041451,,,
01:43:53.970,72.0,76,757.2,0.0,0.04226,,,
01:43:54.012,72.5,76,753.2,0.0,0.042485,,,
01:43:54.054,72.7,76,756.6,0.0,0.042295,,,
01:43:54.097,73.0,80,757.4,0.0,0.042248,,,
01:43:54.139,73.7,80,755.2,0.0,0.042372,,,
01:43:54.181,69.7,80,767.4,0.0,0.0417,,,
01:43:54.183,,,,,,True,1,
01:43:54.213,69.9,80,278.4,432.08635,0.0,,,
01:43:54.254,70.0,80,791.8,0.0,0.072745,,,
01:43:54.295,70.4,78,765.6,0.0,0.041796,,,
01:43:54.337,70.4,78,768.4,0.0,0.041646,,,
01:43:54.378,65.4,78,768.4,0.0,0.041647,,,
01:43:54.380,,,,,,True,1,
01:43:54.410,65.6,78,278.1,432.284193,0.0,,,
01:43:54.451,65.6,78,795.0,0.0,0.072609,,,
01:43:54.495,65.7,77,768.7,0.0,0.041627,,,
01:43:54.536,66.1,77,736.8,0.0,0.043428,,,
01:43:54.578,66.6,77,772.7,0.0,0.041413,,,
01:43:54.619,67.1,77,778.5,0.0,0.041106,,,
01:43:54.660,65.2,77,777.0,0.0,0.041185,,,
01:43:54.662,,,,,,True,1,
01:43:54.695,65.4,77,278.8,432.565443,0.0,,,
01:43:54.736,65.9,77,737.6,0.0,0.075665,,,
01:43:54.777,66.6,77,771.1,0.0,0.041501,,,
01:43:54.818,66.7,77,774.4,0.0,0.041322,,,
01:43:54.859,67.1,77,780.9,0.0,0.040976,,,
01:43:54.900,67.7,78,779.7,0.0,0.041041,,,
01:43:54.941,68.4,78,780.9,0.0,0.040979,,,
01:43:54.984,68.5,78,742.8,0.0,0.043078,,,
01:43:55.026,69.0,78,770.5,0.0,0.041529,,,
01:43:55.068,69.0,78,767.6,0.0,0.041686,,,
01:43:55.109,69.4,75,763.9,0.0,0.041889,,,
01:43:55.151,69.4,75,770.3,0.0,0.041544,,,
01:43:55.193,69.4,75,767.3,0.0,0.041707,,,
01:43:55.235,69.7,75,766.0,0.0,0.041775,,,
01:43:55.276,70.2,75,772.0,0.0,0.04145,,,
01:43:55.317,70.7,76,769.2,0.0,0.0416,,,
01:43:55.359,70.7,76,775.6,0.0,0.04126,,,
01:43:55.400,71.2,76,774.6,0.0,0.041311,,,
01:43:55.442,66.6,76,768.1,0.0,0.04166,,,
01:43:55.444,,,,,,True,1,
01:43:55.474,66.7,76,278.6,433.347422,0.0,,,
01:43:55.515,66.9,79,790.9,0.0,0.072767,,,
01:43:55.556,66.2,79,773.4,0.0,0.041373,,,
01:43:55.558,,,,,,True,1,
01:43:55.588,66.4,79,277.5,433.461671,0.0,,,
01:43:55.629,67.1,79,795.6,0.0,0.072653,,,
01:43:55.671,67.7,79,760.6,0.0,0.042073,,,
01:43:55.713,67.7,78,765.2,0.0,0.041819,,,
01:43:55.755,68.2,78,755.6,0.0,0.042348,,,
01:43:55.797,68.2,78,758.5,0.0,0.042187,,,
01:43:55.839,68.7,78,763.8,0.0,0.041894,,,
01:43:55.878,68.7,78,807.5,0.0,0.039629,,,
01:43:55.918,68.9,77,816.8,0.0,0.039175,,,
01:43:55.959,69.2,77,770.3,0.0,0.041542,,,
01:43:56.001,69.7,77,761.9,0.0,0.042001,,,
01:43:56.043,70.2,77,770.2,0.0,0.041545,,,
01:43:56.084,70.2,77,770.1,0.0,0.041554,,,
01:43:56.126,65.4,76,768.3,0.0,0.041652,,,
01:43:56.128,,,,,,True,1,
01:43:56.158,65.6,76,276.9,434.0318,0.0,,,
01:43:56.198,66.1,76,803.1,0.0,0.072352,,,
01:43:56.240,66.2,76,774.4,0.0,0.041322,,,
01:43:56.281,66.6,76,769.3,0.0,0.041598,,,
01:43:56.323,67.2,78,767.7,0.0,0.041685,,,
01:43:56.364,67.7,78,776.3,0.0,0.041219,,,
01:43:56.405,67.7,78,778.7,0.0,0.041096,,,
01:43:56.446,68.2,78,776.5,0.0,0.041213,,,
01:43:56.488,63.2,78,773.3,0.0,0.041383,,,
01:43:56.490,,,,,,True,1,
01:43:56.523,63.4,77,252.3,434.396811,0.0,,,
01:43:56.563,63.9,77,811.0,0.0,0.075124,,,
01:43:56.604,63.9,77,784.1,0.0,0.040809,,,
01:43:56.645,61.8,77,782.6,0.0,0.04089,,,
01:43:56.647,,,,,,True,1,
01:43:56.676,61.9,77,280.3,434.550057,0.0,,,
01:43:56.717,62.1,79,806.1,0.0,0.071802,,,
01:43:56.758,62.6,79,777.6,0.0,0.041153,,,
01:43:56.798,63.1,79,784.7,0.0,0.040781,,,
01:43:56.839,63.1,79,784.5,0.0,0.040791,,,
01:43:56.880,63.6,79,779.4,0.0,0.041056,,,
01:43:56.921,64.1,77,782.9,0.0,0.040876,,,
01:43:56.962,64.2,77,783.3,0.0,0.040852,,,
01:43:57.003,64.7,77,780.7,0.0,0.040991,,,
01:43:57.044,65.4,77,779.1,0.0,0.041073,,,
01:43:57.085,65.9,77,777.9,0.0,0.041137,,,
01:43:57.126,65.9,77,775.7,0.0,0.041254,,,
01:43:57.168,66.4,77,771.2,0.0,0.041492,,,
01:43:57.210,66.6,77,768.4,0.0,0.041646,,,
01:43:57.251,67.1,77,776.0,0.0,0.041235,,,
01:43:57.294,67.1,79,770.3,0.0,0.041541,,,
01:43:57.336,67.2,79,745.5,0.0,0.042923,,,
01:43:57.377,67.4,79,768.0,0.0,0.041667,,,
01:43:57.418,67.9,79,778.3,0.0,0.041116,,,
01:43:57.459,68.4,79,775.7,0.0,0.041254,,,
01:43:57.501,67.1,77,775.2,0.0,0.041282,,,
01:43:57.503,,,,,,True,1,
01:43:57.533,67.2,77,275.6,435.406509,0.0,,,
01:43:57.574,67.7,77,789.4,0.0,0.073192,,,
01:43:57.615,68.2,77,772.8,0.0,0.041409,,,
01:43:57.657,65.6,77,769.8,0.0,0.041569,,,
01:43:57.659,,,,,,True,1,
01:43:57.689,65.7,77,279.2,435.562239,0.0,,,
01:43:57.731,66.2,77,759.9,0.0,0.074344,,,
01:43:57.773,66.9,77,772.6,0.0,0.041418,,,
01:43:57.814,67.2,77,773.1,0.0,0.041392,,,
01:43:57.856,67.2,77,773.1,0.0,0.041392,,,
01:43:57.897,67.9,78,760.7,0.0,0.042069,,,
01:43:57.939,68.0,78,774.9,0.0,0.041297,,,
01:43:57.980,68.5,78,769.6,0.0,0.041579,,,
01:43:58.022,68.7,78,768.6,0.0,0.041634,,,
01:43:58.063,68.9,78,770.7,0.0,0.041519,,,
01:43:58.105,69.0,76,771.5,0.0,0.041477,,,
01:43:58.146,69.5,76,769.2,0.0,0.0416,,,
01:43:58.188,69.9,76,766.4,0.0,0.041751,,,
01:43:58.231,64.6,76,758.4,0.0,0.042193,,,
01:43:58.233,,,,,,True,1,
01:43:58.263,64.7,76,273.5,436.136565,0.0,,,
01:43:58.303,65.2,78,805.9,0.0,0.072621,,,
01:43:58.344,65.7,78,781.9,0.0,0.040926,,,
01:43:58.385,64.6,78,779.1,0.0,0.041074,,,
01:43:58.387,,,,,,True,1,
01:43:58.417,64.7,78,280.4,436.290348,0.0,,,
01:43:58.457,65.2,78,802.6,0.0,0.071964,,,
01:43:58.498,65.7,79,778.0,0.0,0.041133,,,
01:43:58.539,65.9,79,779.0,0.0,0.041076,,,
01:43:58.581,65.9,79,773.2,0.0,0.041388,,,
01:43:58.622,66.7,79,775.9,0.0,0.041244,,,
01:43:58.663,66.9,79,774.9,0.0,0.041298,,,
01:43:58.705,67.4,76,770.4,0.0,0.041535,,,
01:43:58.746,67.7,76,772.8,0.0,0.041407,,,
01:43:58.788,66.7,76,771.8,0.0,0.041463,,,
01:43:58.790,,,,,,True,1,
01:43:58.820,66.9,76,276.8,436.693266,0.0,,,
01:43:58.860,67.1,76,801.7,0.0,0.072433,,,
01:43:58.902,67.5,78,754.7,0.0,0.042399,,,
01:43:58.944,67.9,78,772.1,0.0,0.041443,,,
01:43:58.985,67.9,78,770.5,0.0,0.041531,,,
01:43:59.027,68.4,78,766.2,0.0,0.041766,,,
01:43:59.069,61.3,78,761.3,0.0,0.042032,,,
01:43:59.072,,,,,,True,2,
01:43:59.102,61.6,75,545.5,436.975332,0.0,,,
01:43:59.142,61.8,75,809.5,0.0,0.072529,,,
01:43:59.182,62.4,75,786.7,0.0,0.040676,,,
01:43:59.223,62.9,75,783.9,0.0,0.04082,,,
01:43:59.264,62.1,75,776.5,0.0,0.041209,,,
01:43:59.266,,,,,,True,1,
01:43:59.296,62.3,79,279.8,437.169694,0.0,,,
01:43:59.336,62.3,79,808.8,0.0,0.071734,,,
01:43:59.377,63.1,79,780.6,0.0,0.040994,,,
01:43:59.418,63.2,79,784.0,0.0,0.040814,,,
01:43:59.459,63.7,79,778.2,0.0,0.041118,,,
01:43:59.500,64.1,79,782.3,0.0,0.040905,,,
01:43:59.541,64.2,79,782.3,0.0,0.040905,,,
01:43:59.583,64.4,79,750.0,0.0,0.042667,,,
01:43:59.625,65.1,79,776.5,0.0,0.041209,,,
01:43:59.666,65.4,79,778.2,0.0,0.041119,,,
01:43:59.707,63.9,76,774.0,0.0,0.041344,,,
01:43:59.709,,,,,,True,1,
01:43:59.739,64.1,76,275.7,437.612957,0.0,,,
01:43:59.779,64.6,76,806.7,0.0,0.07231,,,
01:43:59.821,64.7,76,776.4,0.0,0.041217,,,
01:43:59.862,64.9,76,774.8,0.0,0.041299,,,
01:43:59.903,65.2,78,773.6,0.0,0.041363,,,
01:43:59.905,,,,,,True,1,
01:43:59.936,65.4,78,275.5,437.809152,0.0,,,
01:43:59.977,65.9,78,783.2,0.0,0.073527,,,
01:44:00.019,66.1,78,757.5,0.0,0.042247,,,
01:44:00.061,66.1,78,767.7,0.0,0.041682,,,
01:44:00.102,67.1,77,769.9,0.0,0.041565,,,
01:44:00.146,67.2,77,734.2,0.0,0.043582,,,
01:44:00.189,67.5,77,750.7,0.0,0.042629,,,
01:44:00.232,67.9,77,747.6,0.0,0.042804,,,
01:44:00.275,68.2,77,742.7,0.0,0.043086,,,
01:44:00.317,68.4,72,762.1,0.0,0.041987,,,
01:44:00.358,68.9,72,766.5,0.0,0.04175,,,
01:44:00.400,68.7,72,771.9,0.0,0.041454,,,
01:44:00.402,,,,,,True,1,
01:44:00.432,68.9,72,278.7,438.305073,0.0,,,
01:44:00.473,68.9,72,782.4,0.0,0.073197,,,
01:44:00.515,69.4,78,770.2,0.0,0.04155,,,
01:44:00.556,68.0,78,767.1,0.0,0.041715,,,
01:44:00.558,,,,,,True,1,
01:44:00.588,68.2,78,279.4,438.461427,0.0,,,
01:44:00.629,68.4,78,794.2,0.0,0.072499,,,
01:44:00.670,69.0,78,771.8,0.0,0.041461,,,
01:44:00.712,69.5,78,768.4,0.0,0.041647,,,
01:44:00.754,69.7,78,768.4,0.0,0.041644,,,
01:44:00.795,69.9,78,768.5,0.0,0.041638,,,
01:44:00.837,70.7,78,767.9,0.0,0.041673,,,
01:44:00.878,70.9,78,772.3,0.0,0.041435,,,
01:44:00.920,65.9,76,772.7,0.0,0.041413,,,
01:44:00.922,,,,,,True,1,
01:44:00.952,66.1,76,278.2,438.824962,0.0,,,
01:44:00.993,66.4,76,783.8,0.0,0.073174,,,
01:44:01.035,66.7,76,770.4,0.0,0.041538,,,
01:44:01.076,66.9,76,767.5,0.0,0.041696,,,
01:44:01.117,67.4,78,775.0,0.0,0.041289,,,
01:44:01.158,67.5,78,775.4,0.0,0.041269,,,
01:44:01.199,67.5,78,780.9,0.0,0.04098,,,
01:44:01.241,68.0,78,777.9,0.0,0.041135,,,
01:44:01.282,68.4,78,777.3,0.0,0.041166,,,
01:44:01.323,68.5,77,777.7,0.0,0.041144,,,
01:44:01.365,69.2,77,766.5,0.0,0.041748,,,
01:44:01.406,69.7,77,772.1,0.0,0.041448,,,
01:44:01.448,69.9,77,767.3,0.0,0.041706,,,
01:44:01.493,70.0,78,767.3,0.0,0.041707,,,
01:44:01.535,70.9,78,712.5,0.0,0.044911,,,
01:44:01.576,71.0,78,768.2,0.0,0.041657,,,
01:44:01.617,71.4,78,775.7,0.0,0.041251,,,
01:44:01.659,71.7,78,776.5,0.0,0.041208,,,
01:44:01.700,72.0,77,773.4,0.0,0.041376,,,
01:44:01.742,72.2,77,768.6,0.0,0.041635,,,
01:44:01.783,72.7,77,767.2,0.0,0.041709,,,
01:44:01.825,72.8,77,770.3,0.0,0.041542,,,
01:44:01.867,72.8,77,765.8,0.0,0.041789,,,
01:44:01.909,73.3,76,765.3,0.0,0.041814,,,
01:44:01.951,73.7,76,760.3,0.0,0.042086,,,
01:44:01.994,73.8,76,745.5,0.0,0.042924,,,
01:44:02.036,74.5,76,746.7,0.0,0.042856,,,
01:44:02.079,75.0,76,756.4,0.0,0.042305,,,
01:44:02.121,75.2,75,752.6,0.0,0.042518,,,
01:44:02.163,75.3,75,757.3,0.0,0.042256,,,
01:44:02.205,76.2,75,760.9,0.0,0.042054,,,
01:44:02.248,76.3,75,752.1,0.0,0.042546,,,
01:44:02.293,76.7,78,756.7,0.0,0.042288,,,
01:44:02.335,77.0,78,724.1,0.0,0.044192,,,
01:44:02.377,77.3,78,757.4,0.0,0.042249,,,
01:44:02.419,77.5,78,756.3,0.0,0.042312,,,
01:44:02.461,78.0,78,759.8,0.0,0.042114,,,
01:44:02.503,78.1,77,761.4,0.0,0.042027,,,
01:44:02.545,78.1,77,762.4,0.0,0.04197,,,
01:44:02.587,78.6,77,756.1,0.0,0.042324,,,
01:44:02.631,79.0,77,736.9,0.0,0.043428,,,
01:44:02.674,79.1,77,750.9,0.0,0.042613,,,
01:44:02.716,79.8,75,750.7,0.0,0.042629,,,
01:44:02.758,80.3,75,759.8,0.0,0.042116,,,
01:44:02.801,80.5,75,755.2,0.0,0.042375,,,
01:44:02.843,80.6,75,754.3,0.0,0.042421,,,
01:44:02.885,81.5,75,756.5,0.0,0.042298,,,
01:44:02.931,81.6,77,704.3,0.0,0.045433,,,
01:44:02.974,82.0,77,745.9,0.0,0.042904,,,
01:44:03.017,82.3,77,747.1,0.0,0.042833,,,
01:44:03.059,82.6,77,753.1,0.0,0.042494,,,
01:44:03.102,82.8,79,751.2,0.0,0.042599,,,
01:44:03.144,83.3,79,752.7,0.0,0.042514,,,
01:44:03.187,83.4,79,747.8,0.0,0.042794,,,
01:44:03.230,83.4,79,748.6,0.0,0.042749,,,
01:44:03.273,83.9,79,741.7,0.0,0.043142,,,
01:44:03.316,84.3,76,746.9,0.0,0.042844,,,
01:44:03.358,84.4,76,748.4,0.0,0.042759,,,
01:44:03.401,85.1,76,746.3,0.0,0.042881,,,
01:44:03.444,85.6,76,742.4,0.0,0.043104,,,
01:44:03.488,85.8,76,741.0,0.0,0.043187,,,
01:44:03.531,85.9,78,737.2,0.0,0.043409,,,
01:44:03.574,81.5,78,741.3,0.0,0.043166,,,
01:44:03.576,,,,,,True,1,
01:44:03.606,81.6,78,275.0,441.479927,0.0,,,
01:44:03.650,81.8,78,757.0,0.0,0.074995,,,
01:44:03.694,82.1,79,721.9,0.0,0.04433,,,
01:44:03.737,82.5,79,740.6,0.0,0.04321,,,
01:44:03.781,82.8,79,721.7,0.0,0.044339,,,
01:44:03.824,82.8,79,749.7,0.0,0.042681,,,
01:44:03.867,83.3,79,746.8,0.0,0.04285,,,
01:44:03.910,83.4,75,747.8,0.0,0.042791,,,
01:44:03.953,83.6,75,735.0,0.0,0.04354,,,
01:44:03.997,84.1,75,727.5,0.0,0.043989,,,
01:44:04.039,84.4,75,752.4,0.0,0.042528,,,
01:44:04.082,84.6,75,756.4,0.0,0.042304,,,
01:44:04.126,85.3,75,736.0,0.0,0.043478,,,
01:44:04.170,85.8,75,726.6,0.0,0.044044,,,
01:44:04.213,85.9,75,735.8,0.0,0.043489,,,
01:44:04.256,86.1,75,735.9,0.0,0.043483,,,
01:44:04.299,86.9,80,748.6,0.0,0.042744,,,
01:44:04.342,81.8,80,746.5,0.0,0.042867,,,
01:44:04.344,,,,,,True,1,
01:44:04.374,82.0,80,279.0,442.247105,0.0,,,
01:44:04.415,81.0,80,774.8,0.0,0.073564,,,
01:44:04.417,,,,,,True,1,
01:44:04.447,81.1,80,284.3,442.320048,0.0,,,
01:44:04.492,81.5,79,771.4,0.0,0.073143,,,
01:44:04.534,79.6,79,698.4,0.0,0.045821,,,
01:44:04.536,,,,,,True,1,
01:44:04.566,79.8,79,280.8,442.439383,0.0,,,
01:44:04.608,79.8,79,773.9,0.0,0.073396,,,
01:44:04.651,80.1,79,745.4,0.0,0.042932,,,
01:44:04.694,80.3,79,750.4,0.0,0.042643,,,
01:44:04.736,80.5,79,751.2,0.0,0.042596,,,
01:44:04.778,81.1,79,757.5,0.0,0.042245,,,
01:44:04.822,81.6,79,725.9,0.0,0.044085,,,
01:44:04.865,81.8,79,746.6,0.0,0.042864,,,
01:44:04.908,82.6,75,747.9,0.0,0.042789,,,
01:44:04.951,83.1,75,742.9,0.0,0.043075,,,
01:44:04.995,83.3,75,735.0,0.0,0.043537,,,
01:44:05.037,83.4,75,745.8,0.0,0.042905,,,
01:44:05.080,84.1,75,745.9,0.0,0.042902,,,
01:44:05.123,84.1,75,749.9,0.0,0.042671,,,
01:44:05.166,84.4,75,745.7,0.0,0.042911,,,
01:44:05.209,84.8,75,742.6,0.0,0.043094,,,
01:44:05.254,85.1,75,724.1,0.0,0.044192,,,
01:44:05.296,85.1,80,745.0,0.0,0.042953,,,
01:44:05.339,85.4,80,749.1,0.0,0.042716,,,
01:44:05.382,76.3,80,745.8,0.0,0.042907,,,
01:44:05.384,,,,,,True,2,
01:44:05.414,76.7,80,552.5,443.287309,0.0,,,
01:44:05.456,71.5,80,774.8,0.0,0.073877,,,
01:44:05.457,,,,,,True,1,
01:44:05.487,71.7,80,283.7,443.360272,0.0,,,
01:44:05.529,72.4,77,765.9,0.0,0.073504,,,
01:44:05.572,72.8,77,757.9,0.0,0.042222,,,
01:44:05.614,73.0,77,762.3,0.0,0.041979,,,
01:44:05.655,73.7,77,761.7,0.0,0.042013,,,
01:44:05.697,73.8,79,770.9,0.0,0.041512,,,
01:44:05.739,74.0,79,766.9,0.0,0.041724,,,
01:44:05.780,74.5,79,768.2,0.0,0.041657,,,
01:44:05.822,75.3,79,769.1,0.0,0.041605,,,
01:44:05.864,75.3,79,764.8,0.0,0.04184,,,
01:44:05.906,75.7,77,759.1,0.0,0.042156,,,
01:44:05.948,71.0,77,758.0,0.0,0.042215,,,
01:44:05.950,,,,,,True,1,
01:44:05.985,71.2,77,239.0,443.858608,0.0,,,
01:44:06.027,69.2,77,777.1,0.0,0.07883,,,
01:44:06.029,,,,,,True,1,
01:44:06.059,69.4,77,278.4,443.932093,0.0,,,
01:44:06.100,69.4,78,791.6,0.0,0.072757,,,
01:44:06.141,69.7,78,770.6,0.0,0.041527,,,
01:44:06.182,69.9,78,774.5,0.0,0.041319,,,
01:44:06.224,70.0,78,772.3,0.0,0.041436,,,
01:44:06.266,70.5,78,763.1,0.0,0.041936,,,
01:44:06.309,71.0,76,751.1,0.0,0.042605,,,
01:44:06.351,71.4,76,754.5,0.0,0.042409,,,
01:44:06.393,71.4,76,762.3,0.0,0.041975,,,
01:44:06.395,,,,,,True,1,
01:44:06.426,71.5,76,273.2,444.298656,0.0,,,
01:44:06.467,66.4,76,775.4,0.0,0.074214,,,
01:44:06.469,,,,,,True,1,
01:44:06.499,66.6,77,279.6,444.372098,0.0,,,
01:44:06.539,66.7,77,804.1,0.0,0.071987,,,
01:44:06.580,67.2,77,779.4,0.0,0.041059,,,
01:44:06.621,68.0,77,772.9,0.0,0.041403,,,
01:44:06.663,68.0,77,769.7,0.0,0.041576,,,
01:44:06.705,68.2,78,769.6,0.0,0.04158,,,
01:44:06.746,68.5,78,769.7,0.0,0.041573,,,
01:44:06.788,69.0,78,772.0,0.0,0.041452,,,
01:44:06.830,69.2,78,764.5,0.0,0.041856,,,
01:44:06.871,69.5,78,768.5,0.0,0.041639,,,
01:44:06.913,69.7,76,764.9,0.0,0.041835,,,
01:44:06.955,64.6,76,759.3,0.0,0.042146,,,
01:44:06.957,,,,,,True,1,
01:44:06.988,64.7,76,274.6,444.860772,0.0,,,
01:44:07.029,65.2,76,792.2,0.0,0.073173,,,
01:44:07.070,62.4,76,769.0,0.0,0.041614,,,
01:44:07.072,,,,,,True,1,
01:44:07.102,62.6,78,274.5,444.975547,0.0,,,
01:44:07.142,62.9,78,808.0,0.0,0.072393,,,
01:44:07.183,63.4,78,785.4,0.0,0.040744,,,
01:44:07.224,63.4,78,779.9,0.0,0.041032,,,
01:44:07.266,63.4,78,771.4,0.0,0.041486,,,
01:44:07.307,63.9,78,780.2,0.0,0.041013,,,
01:44:07.348,64.9,78,775.3,0.0,0.041272,,,
01:44:07.389,64.9,78,775.2,0.0,0.04128,,,
01:44:07.431,65.2,78,773.9,0.0,0.041347,,,
01:44:07.473,65.6,78,767.1,0.0,0.041715,,,
01:44:07.514,66.1,75,769.1,0.0,0.041605,,,
01:44:07.555,66.2,75,781.4,0.0,0.040951,,,
01:44:07.596,66.6,75,781.2,0.0,0.040964,,,
01:44:07.637,66.7,75,780.2,0.0,0.041014,,,
01:44:07.678,66.9,75,782.0,0.0,0.040922,,,
01:44:07.719,67.4,77,778.9,0.0,0.041083,,,
01:44:07.760,67.9,77,778.5,0.0,0.041105,,,
01:44:07.801,68.2,77,777.7,0.0,0.041147,,,
01:44:07.842,66.9,77,773.6,0.0,0.041367,,,
01:44:07.844,,,,,,True,1,
01:44:07.874,67.1,77,279.1,445.74742,0.0,,,
01:44:07.915,67.1,79,802.5,0.0,0.072119,,,
01:44:07.956,67.1,79,773.1,0.0,0.04139,,,
01:44:07.998,67.4,79,766.8,0.0,0.041734,,,
01:44:08.040,68.4,79,764.8,0.0,0.041839,,,
01:44:08.081,68.4,79,769.0,0.0,0.041615,,,
01:44:08.123,68.7,76,765.6,0.0,0.041798,,,
01:44:08.165,69.0,76,763.9,0.0,0.041889,,,
01:44:08.207,69.7,76,764.2,0.0,0.041876,,,
01:44:08.249,69.9,76,757.6,0.0,0.042238,,,
01:44:08.292,70.2,79,747.0,0.0,0.042837,,,
01:44:08.335,70.4,79,747.3,0.0,0.042821,,,
01:44:08.377,70.5,79,763.0,0.0,0.041937,,,
01:44:08.418,71.0,79,769.9,0.0,0.041565,,,
01:44:08.460,71.5,79,770.8,0.0,0.041517,,,
01:44:08.501,71.9,76,773.5,0.0,0.041371,,,
01:44:08.542,72.4,76,770.6,0.0,0.041524,,,
01:44:08.584,72.4,76,765.0,0.0,0.041832,,,
01:44:08.627,72.4,76,762.9,0.0,0.041943,,,
01:44:08.669,72.7,76,757.1,0.0,0.042266,,,
01:44:08.711,73.7,75,753.3,0.0,0.042482,,,
01:44:08.753,73.7,75,754.9,0.0,0.042389,,,
01:44:08.796,74.0,75,759.1,0.0,0.042155,,,
01:44:08.838,74.3,75,753.9,0.0,0.042448,,,
01:44:08.880,75.0,75,756.1,0.0,0.04232,,,
01:44:08.923,75.2,75,753.5,0.0,0.04247,,,
01:44:08.966,75.5,75,746.5,0.0,0.042866,,,
01:44:09.009,75.7,75,744.1,0.0,0.043003,,,
01:44:09.052,75.8,75,740.1,0.0,0.043238,,,
01:44:09.095,74.3,79,738.4,0.0,0.043338,,,
01:44:09.098,,,,,,True,1,
01:44:09.128,74.5,79,272.4,447.001018,0.0,,,
01:44:09.171,74.8,79,757.3,0.0,0.075294,,,
01:44:09.213,75.2,79,745.5,0.0,0.042922,,,
01:44:09.256,75.7,79,760.4,0.0,0.042084,,,
01:44:09.298,75.7,77,762.0,0.0,0.041996,,,
01:44:09.339,75.7,77,764.8,0.0,0.041841,,,
01:44:09.381,76.0,77,764.1,0.0,0.041878,,,
01:44:09.424,77.0,77,760.7,0.0,0.042066,,,
01:44:09.466,77.2,77,751.1,0.0,0.042602,,,
01:44:09.509,72.2,76,753.2,0.0,0.042485,,,
01:44:09.511,,,,,,True,1,
01:44:09.541,72.4,76,274.4,447.413928,0.0,,,
01:44:09.581,72.7,76,795.2,0.0,0.073039,,,
01:44:09.623,68.0,76,770.8,0.0,0.041513,,,
01:44:09.625,,,,,,True,1,
01:44:09.655,68.2,76,273.8,447.52853,0.0,,,
01:44:09.696,68.4,80,798.8,0.0,0.072932,,,
01:44:09.737,68.7,80,770.6,0.0,0.041527,,,
01:44:09.779,68.7,80,775.4,0.0,0.041271,,,
01:44:09.820,68.9,80,776.9,0.0,0.041188,,,
01:44:09.861,69.2,80,769.5,0.0,0.041586,,,
01:44:09.903,69.7,77,776.0,0.0,0.041239,,,
01:44:09.944,70.0,77,768.5,0.0,0.041642,,,
01:44:09.986,70.7,77,766.5,0.0,0.041748,,,
01:44:10.029,70.7,77,753.5,0.0,0.04247,,,
01:44:10.071,70.7,77,756.1,0.0,0.04232,,,
01:44:10.114,68.5,75,752.1,0.0,0.042547,,,
01:44:10.116,,,,,,True,1,
01:44:10.146,68.7,75,275.2,448.018819,0.0,,,
01:44:10.188,69.7,75,774.6,0.0,0.074018,,,
01:44:10.231,69.9,75,749.1,0.0,0.042719,,,
01:44:10.273,70.2,75,740.0,0.0,0.043243,,,
01:44:10.316,70.5,76,759.9,0.0,0.042108,,,
01:44:10.357,71.0,76,767.7,0.0,0.041682,,,
01:44:10.399,71.2,76,764.6,0.0,0.041851,,,
01:44:10.441,71.5,76,769.8,0.0,0.041571,,,
01:44:10.482,71.7,76,771.8,0.0,0.041462,,,
01:44:10.524,71.9,76,762.1,0.0,0.041988,,,
01:44:10.567,72.2,76,755.7,0.0,0.042346,,,
01:44:10.609,72.7,76,760.9,0.0,0.042056,,,
01:44:10.650,73.0,76,766.4,0.0,0.041752,,,
01:44:10.692,73.7,80,765.1,0.0,0.041824,,,
01:44:10.734,73.7,80,767.4,0.0,0.041701,,,
01:44:10.775,73.7,80,768.8,0.0,0.041624,,,
01:44:10.817,74.0,80,766.8,0.0,0.041734,,,
01:44:10.859,75.0,80,761.9,0.0,0.042002,,,
01:44:10.901,75.2,77,763.7,0.0,0.041903,,,
01:44:11.202,75.5,21,106.3,0.0,0.300912,,,
01:44:11.246,75.8,21,736.5,0.0,0.043448,,,
01:44:11.290,76.3,32,751.1,0.0,0.042603,,,
01:44:11.332,76.5,32,727.9,0.0,0.043961,,,
01:44:11.374,76.8,32,753.7,0.0,0.042455,,,
01:44:11.416,77.0,32,760.4,0.0,0.042081,,,
01:44:11.458,77.2,32,762.3,0.0,0.04198,,,
01:44:11.500,77.5,77,763.6,0.0,0.041906,,,
01:44:11.542,78.0,77,762.2,0.0,0.041982,,,
01:44:11.585,78.3,77,758.0,0.0,0.042218,,,
01:44:11.627,79.0,77,758.4,0.0,0.042192,,,
01:44:11.670,79.0,77,751.6,0.0,0.042574,,,
01:44:11.712,79.0,76,754.6,0.0,0.042408,,,
01:44:11.754,78.0,76,756.3,0.0,0.042311,,,
01:44:11.756,,,,,,True,1,
01:44:11.786,78.1,76,278.2,449.659063,0.0,,,
01:44:11.828,79.1,76,770.0,0.0,0.073908,,,
01:44:11.871,79.3,76,749.4,0.0,0.042703,,,
01:44:11.913,79.6,78,750.4,0.0,0.042646,,,
01:44:11.956,80.0,78,749.8,0.0,0.042675,,,
01:44:11.999,80.5,78,748.6,0.0,0.042746,,,
01:44:12.042,80.5,78,747.0,0.0,0.042835,,,
01:44:12.086,80.8,78,739.3,0.0,0.043286,,,
01:44:12.130,81.1,77,710.5,0.0,0.045039,,,
01:44:12.172,81.3,77,757.4,0.0,0.04225,,,
01:44:12.215,81.6,77,754.3,0.0,0.042423,,,
01:44:12.258,80.5,77,742.7,0.0,0.043086,,,
01:44:12.260,,,,,,True,1,
01:44:12.290,80.6,78,274.6,450.163062,0.0,,,
01:44:12.332,81.0,78,767.5,0.0,0.074466,,,
01:44:12.376,81.6,78,722.1,0.0,0.044318,,,
01:44:12.423,81.6,78,689.7,0.0,0.0464,,,
01:44:12.468,81.6,78,711.2,0.0,0.044994,,,
01:44:12.511,81.8,74,744.7,0.0,0.04297,,,
01:44:12.554,82.8,74,747.0,0.0,0.042839,,,
01:44:12.596,82.9,74,752.2,0.0,0.042544,,,
01:44:12.638,83.4,74,755.8,0.0,0.04234,,,
01:44:12.681,83.8,74,754.5,0.0,0.042415,,,
01:44:12.724,84.3,76,746.6,0.0,0.042862,,,
01:44:12.769,84.3,76,715.7,0.0,0.044712,,,
01:44:12.812,84.6,76,744.5,0.0,0.042981,,,
01:44:12.854,84.9,76,747.2,0.0,0.042825,,,
01:44:12.897,85.1,80,752.8,0.0,0.04251,,,
01:44:12.939,85.4,80,750.3,0.0,0.04265,,,
01:44:12.982,85.9,80,746.5,0.0,0.042865,,,
01:44:13.026,81.0,80,735.5,0.0,0.043509,,,
01:44:13.028,,,,,,True,1,
01:44:13.058,81.1,80,272.6,450.931479,0.0,,,
01:44:13.100,81.8,78,777.5,0.0,0.074168,,,
01:44:13.142,81.8,78,756.5,0.0,0.042302,,,
01:44:13.186,81.8,78,743.2,0.0,0.043057,,,
01:44:13.229,82.0,78,739.9,0.0,0.04325,,,
01:44:13.272,82.8,78,748.1,0.0,0.042773,,,
01:44:13.314,82.9,75,750.7,0.0,0.042629,,,
01:44:13.356,83.4,75,752.7,0.0,0.042515,,,
01:44:13.400,83.9,75,741.7,0.0,0.043146,,,
01:44:13.445,84.4,75,708.4,0.0,0.045175,,,
01:44:13.489,79.1,78,737.2,0.0,0.043409,,,
01:44:13.491,,,,,,True,1,
01:44:13.521,79.3,78,269.6,451.394262,0.0,,,
01:44:13.566,79.6,78,732.8,0.0,0.077052,,,
01:44:13.611,80.0,78,694.7,0.0,0.046063,,,
01:44:13.655,80.1,78,734.2,0.0,0.043585,,,
01:44:13.698,80.5,75,741.3,0.0,0.043168,,,
01:44:13.741,80.8,75,750.0,0.0,0.042665,,,
01:44:13.784,75.8,75,742.7,0.0,0.043084,,,
01:44:13.786,,,,,,True,1,
01:44:13.816,76.0,75,275.5,451.68914,0.0,,,
01:44:13.857,76.7,75,787.2,0.0,0.073318,,,
01:44:13.899,76.8,78,764.1,0.0,0.041879,,,
01:44:13.941,76.8,78,763.9,0.0,0.041892,,,
01:44:13.983,77.0,78,754.7,0.0,0.042398,,,
01:44:14.029,77.6,78,713.7,0.0,0.044837,,,
01:44:14.071,77.8,78,746.9,0.0,0.042842,,,
01:44:14.113,78.3,74,756.6,0.0,0.042293,,,
01:44:14.155,79.0,74,761.7,0.0,0.042009,,,
01:44:14.198,79.5,74,756.0,0.0,0.042328,,,
01:44:14.240,79.5,74,761.4,0.0,0.042026,,,
01:44:14.282,74.5,74,761.0,0.0,0.042048,,,
01:44:14.284,,,,,,True,1,
01:44:14.317,74.7,77,250.0,452.190324,0.0,,,
01:44:14.358,75.0,77,792.6,0.0,0.076367,,,
01:44:14.400,75.2,77,764.5,0.0,0.041857,,,
01:44:14.442,75.5,77,764.2,0.0,0.041872,,,
01:44:14.484,75.8,77,759.0,0.0,0.042163,,,
01:44:14.527,76.0,78,749.9,0.0,0.042675,,,
01:44:14.569,76.7,78,751.7,0.0,0.042568,,,
01:44:14.612,76.8,78,754.5,0.0,0.042413,,,
01:44:14.654,77.0,78,762.7,0.0,0.041956,,,
01:44:14.695,77.2,79,764.1,0.0,0.041882,,,
01:44:14.738,77.8,79,763.2,0.0,0.041927,,,
01:44:14.780,78.0,79,759.6,0.0,0.04213,,,
01:44:14.822,78.5,79,761.8,0.0,0.042005,,,
01:44:14.865,79.1,79,749.1,0.0,0.042715,,,
01:44:14.907,79.6,76,748.7,0.0,0.042743,,,
01:44:14.950,78.8,76,754.4,0.0,0.042417,,,
01:44:14.952,,,,,,True,1,
01:44:14.982,79.0,76,271.4,452.855159,0.0,,,
01:44:15.024,79.3,76,770.3,0.0,0.0747,,,
01:44:15.067,79.6,76,748.1,0.0,0.042773,,,
01:44:15.110,79.8,77,746.7,0.0,0.042855,,,
01:44:15.152,80.1,77,752.3,0.0,0.042535,,,
01:44:15.194,80.5,77,759.7,0.0,0.042123,,,
01:44:15.237,80.6,77,759.7,0.0,0.042122,,,
01:44:15.279,81.3,77,758.8,0.0,0.042174,,,
01:44:15.321,81.6,77,753.5,0.0,0.042466,,,
01:44:15.364,81.8,77,746.4,0.0,0.042873,,,
01:44:15.407,82.0,77,747.3,0.0,0.042819,,,
01:44:15.450,82.6,77,749.6,0.0,0.042687,,,
01:44:15.492,77.5,80,747.6,0.0,0.042804,,,
01:44:15.494,,,,,,True,1,
01:44:15.525,77.6,80,276.7,453.397436,0.0,,,
01:44:15.569,78.0,80,734.5,0.0,0.076086,,,
01:44:15.612,78.6,80,746.3,0.0,0.04288,,,
01:44:15.654,79.1,80,745.7,0.0,0.04291,,,
01:44:15.696,79.1,76,758.2,0.0,0.042203,,,
01:44:15.738,79.3,76,761.6,0.0,0.042019,,,
01:44:15.780,79.6,76,761.0,0.0,0.042049,,,
01:44:15.823,79.8,76,751.9,0.0,0.042559,,,
01:44:15.866,80.3,76,752.9,0.0,0.042501,,,
01:44:15.909,80.6,76,747.7,0.0,0.042796,,,
01:44:15.951,80.8,76,751.2,0.0,0.042601,,,
01:44:15.994,81.5,76,748.5,0.0,0.042753,,,
01:44:16.037,81.8,76,748.3,0.0,0.042761,,,
01:44:16.079,82.0,76,744.3,0.0,0.042994,,,
01:44:16.123,82.1,76,749.1,0.0,0.042717,,,
01:44:16.166,82.8,76,741.4,0.0,0.04316,,,
01:44:16.209,82.9,76,745.6,0.0,0.042921,,,
01:44:16.251,83.3,76,740.9,0.0,0.043189,,,
01:44:16.294,83.9,80,745.2,0.0,0.042941,,,
01:44:16.337,79.1,80,744.7,0.0,0.042973,,,
01:44:16.339,,,,,,True,1,
01:44:16.369,79.3,80,278.0,454.24229,0.0,,,
01:44:16.411,79.3,80,775.1,0.0,0.073667,,,
01:44:16.454,79.5,80,748.1,0.0,0.042775,,,
01:44:16.497,79.8,78,748.7,0.0,0.04274,,,
01:44:16.540,80.0,78,739.6,0.0,0.043267,,,
01:44:16.583,80.3,78,744.9,0.0,0.042958,,,
01:44:16.626,80.6,78,740.4,0.0,0.043219,,,
01:44:16.669,80.8,78,742.5,0.0,0.043099,,,
01:44:16.712,81.6,74,748.1,0.0,0.042774,,,
01:44:16.754,82.0,74,753.8,0.0,0.042449,,,
01:44:16.797,82.1,74,753.1,0.0,0.042492,,,
01:44:16.839,82.3,74,753.5,0.0,0.042469,,,
01:44:16.882,82.9,74,755.6,0.0,0.042351,,,
01:44:16.927,83.1,77,712.1,0.0,0.044935,,,
01:44:16.970,83.4,77,742.0,0.0,0.043126,,,
01:44:17.013,84.1,77,740.2,0.0,0.043231,,,
01:44:17.056,84.6,77,748.7,0.0,0.042741,,,
01:44:17.099,84.6,78,746.9,0.0,0.042846,,,
01:44:17.142,84.8,78,743.5,0.0,0.043042,,,
01:44:17.185,85.1,78,743.0,0.0,0.043069,,,
01:44:17.228,85.3,78,745.6,0.0,0.042921,,,
01:44:17.271,85.6,78,742.8,0.0,0.043079,,,
01:44:17.314,85.9,75,739.1,0.0,0.043293,,,
01:44:17.357,86.1,75,750.4,0.0,0.042646,,,
01:44:17.399,86.9,75,748.3,0.0,0.042761,,,
01:44:17.442,87.3,75,742.8,0.0,0.043078,,,
01:44:17.488,87.4,79,732.3,0.0,0.043699,,,
01:44:17.531,87.6,79,715.8,0.0,0.044703,,,
01:44:17.574,88.2,79,740.6,0.0,0.043207,,,
01:44:17.617,88.4,79,743.3,0.0,0.043049,,,
01:44:17.660,88.7,79,743.5,0.0,0.043041,,,
01:44:17.704,89.4,77,740.5,0.0,0.043214,,,
01:44:17.747,89.9,77,732.4,0.0,0.04369,,,
01:44:17.791,89.9,77,732.5,0.0,0.043684,,,
01:44:17.834,90.1,77,736.6,0.0,0.043443,,,
01:44:17.877,90.4,77,741.1,0.0,0.043182,,,
01:44:17.921,90.6,75,734.8,0.0,0.043547,,,
01:44:17.965,90.9,75,727.6,0.0,0.043983,,,
01:44:18.009,91.2,75,726.1,0.0,0.044072,,,
01:44:18.053,91.4,75,729.2,0.0,0.043886,,,
01:44:18.097,90.9,80,730.3,0.0,0.04382,,,
01:44:18.099,,,,,,True,1,
01:44:18.129,91.1,80,274.8,456.00189,0.0,,,
01:44:18.172,91.4,80,752.3,0.0,0.075285,,,
01:44:18.215,91.6,80,737.5,0.0,0.043388,,,
01:44:18.259,86.4,80,740.7,0.0,0.043201,,,
01:44:18.260,,,,,,True,1,
01:44:18.290,86.6,78,278.5,456.163292,0.0,,,
01:44:18.333,87.3,78,757.3,0.0,0.074571,,,
01:44:18.377,87.4,78,733.4,0.0,0.043632,,,
01:44:18.420,87.7,78,738.7,0.0,0.043319,,,
01:44:18.464,88.2,78,735.4,0.0,0.043516,,,
01:44:18.507,88.7,77,733.4,0.0,0.043635,,,
01:44:18.550,88.7,77,741.2,0.0,0.043173,,,
01:44:18.593,88.9,77,745.2,0.0,0.042942,,,
01:44:18.637,89.4,77,739.9,0.0,0.043247,,,
01:44:18.680,89.6,77,737.2,0.0,0.04341,,,
01:44:18.727,89.9,76,685.9,0.0,0.046654,,,
01:44:18.770,90.2,76,729.9,0.0,0.04384,,,
01:44:18.814,90.4,76,740.0,0.0,0.043244,,,
01:44:18.857,91.2,76,736.1,0.0,0.043473,,,
01:44:18.901,91.6,78,736.8,0.0,0.043433,,,
01:44:18.945,91.7,78,734.6,0.0,0.043564,,,
01:44:18.989,91.9,78,724.3,0.0,0.044183,,,
01:44:19.032,92.5,78,726.6,0.0,0.044038,,,
01:44:19.076,92.7,78,736.1,0.0,0.043473,,,
01:44:19.119,93.0,75,734.5,0.0,0.043566,,,
01:44:19.164,93.5,75,727.7,0.0,0.043973,,,
01:44:19.208,94.0,75,726.4,0.0,0.044052,,,
01:44:19.251,94.0,75,730.3,0.0,0.043816,,,
01:44:19.295,94.2,80,733.4,0.0,0.043632,,,
01:44:19.339,89.4,80,734.5,0.0,0.043566,,,
01:44:19.340,,,,,,True,1,
01:44:19.370,89.6,80,278.2,457.243257,0.0,,,
01:44:19.413,89.7,80,763.4,0.0,0.074269,,,
01:44:19.456,90.1,80,737.7,0.0,0.043381,,,
01:44:19.499,90.4,79,742.0,0.0,0.043129,,,
01:44:19.543,90.6,79,736.6,0.0,0.043445,,,
01:44:19.587,91.2,79,732.3,0.0,0.043698,,,
01:44:19.630,91.6,79,731.1,0.0,0.043769,,,
01:44:19.674,91.7,79,735.6,0.0,0.043504,,,
01:44:19.717,92.1,76,736.9,0.0,0.043426,,,
01:44:19.761,92.7,76,729.2,0.0,0.043884,,,
01:44:19.805,92.9,76,730.4,0.0,0.043812,,,
01:44:19.849,93.2,76,727.1,0.0,0.04401,,,
01:44:19.893,93.7,80,729.6,0.0,0.04386,,,
01:44:19.937,94.2,80,730.5,0.0,0.043807,,,
01:44:19.980,94.2,80,732.1,0.0,0.04371,,,
01:44:20.025,94.4,80,720.6,0.0,0.044406,,,
01:44:20.069,94.9,80,719.1,0.0,0.0445,,,
01:44:20.114,95.0,75,715.5,0.0,0.044727,,,
01:44:20.158,95.4,75,723.6,0.0,0.044222,,,
01:44:20.203,95.7,75,720.9,0.0,0.044391,,,
01:44:20.248,90.6,75,701.6,0.0,0.045612,,,
01:44:20.250,,,,,,True,1,
01:44:20.281,90.7,75,273.5,458.153358,0.0,,,
01:44:20.327,91.4,77,706.1,0.0,0.078228,,,
01:44:20.372,91.7,77,698.0,0.0,0.045844,,,
01:44:20.416,86.6,77,733.5,0.0,0.043628,,,
01:44:20.418,,,,,,True,1,
01:44:20.448,86.8,77,277.6,458.320552,0.0,,,
01:44:20.490,87.1,79,756.4,0.0,0.074725,,,
01:44:20.534,87.6,79,743.2,0.0,0.04306,,,
01:44:20.577,87.7,79,741.1,0.0,0.04318,,,
01:44:20.620,88.1,79,737.4,0.0,0.043395,,,
01:44:20.664,88.6,79,726.2,0.0,0.044068,,,
01:44:20.708,89.1,75,729.7,0.0,0.043854,,,
01:44:20.752,89.1,75,730.0,0.0,0.043833,,,
01:44:20.795,89.4,75,739.7,0.0,0.043261,,,
01:44:20.838,89.9,75,740.3,0.0,0.043227,,,
01:44:20.882,90.1,75,730.5,0.0,0.043805,,,
01:44:20.926,90.4,77,728.0,0.0,0.043955,,,
01:44:20.970,90.7,77,734.5,0.0,0.043568,,,
01:44:21.013,85.6,77,731.7,0.0,0.043734,,,
01:44:21.016,,,,,,True,1,
01:44:21.046,85.8,77,276.6,458.918315,0.0,,,
01:44:21.089,86.4,80,753.3,0.0,0.075021,,,
01:44:21.132,86.8,80,739.2,0.0,0.043291,,,
01:44:21.175,81.6,80,741.8,0.0,0.043139,,,
01:44:21.177,,,,,,True,1,
01:44:21.207,81.8,80,280.2,459.079325,0.0,,,
01:44:21.249,82.1,80,770.1,0.0,0.073674,,,
01:44:21.291,82.5,78,747.3,0.0,0.042818,,,
01:44:21.334,82.6,78,750.4,0.0,0.042646,,,
01:44:21.377,82.9,78,751.5,0.0,0.042583,,,
01:44:21.420,83.4,78,747.3,0.0,0.042822,,,
01:44:21.463,83.9,78,740.3,0.0,0.043226,,,
01:44:21.506,83.9,76,740.2,0.0,0.043229,,,
01:44:21.549,84.4,76,741.5,0.0,0.043155,,,
01:44:21.592,79.6,76,751.8,0.0,0.042566,,,
01:44:21.593,,,,,,True,1,
01:44:21.624,79.8,76,279.2,459.496139,0.0,,,
01:44:21.665,80.0,76,776.5,0.0,0.073445,,,
01:44:21.708,80.3,78,753.1,0.0,0.042489,,,
01:44:21.750,80.6,78,749.9,0.0,0.04267,,,
01:44:21.792,80.8,78,759.8,0.0,0.042118,,,
01:44:21.836,81.3,78,727.6,0.0,0.043982,,,
01:44:21.879,81.3,78,750.6,0.0,0.042632,,,
01:44:21.881,,,,,,True,1,
01:44:21.911,81.5,76,275.9,459.783846,0.0,,,
01:44:21.953,81.6,76,775.1,0.0,0.073908,,,
01:44:21.996,82.1,76,744.0,0.0,0.043009,,,
01:44:22.038,82.5,76,750.9,0.0,0.042617,,,
01:44:22.086,77.3,79,706.1,0.0,0.045319,,,
01:44:22.088,,,,,,True,1,
01:44:22.123,77.5,79,229.7,459.995231,0.0,,,
01:44:22.165,77.8,79,764.3,0.0,0.081045,,,
01:44:22.207,78.1,79,754.0,0.0,0.04244,,,
01:44:22.250,78.6,79,753.6,0.0,0.042464,,,
01:44:22.292,78.8,76,760.3,0.0,0.042088,,,
01:44:22.334,79.1,76,751.6,0.0,0.042573,,,
01:44:22.377,79.6,76,760.5,0.0,0.04208,,,
01:44:22.419,79.8,76,754.4,0.0,0.042416,,,
01:44:22.461,78.8,76,751.8,0.0,0.042566,,,
01:44:22.463,,,,,,True,1,
01:44:22.493,79.0,76,277.0,460.366196,0.0,,,
01:44:22.535,79.3,76,781.5,0.0,0.073431,,,
01:44:22.577,79.5,76,756.0,0.0,0.042327,,,
01:44:22.620,79.8,76,758.4,0.0,0.042194,,,
01:44:22.662,80.1,76,748.8,0.0,0.042737,,,
01:44:22.705,80.3,78,748.3,0.0,0.042766,,,
01:44:22.748,80.8,78,751.3,0.0,0.04259,,,
01:44:22.790,81.1,78,749.9,0.0,0.042674,,,
01:44:22.832,81.5,78,759.2,0.0,0.042149,,,
01:44:22.874,81.8,78,757.8,0.0,0.042229,,,
01:44:22.917,82.1,76,756.4,0.0,0.042305,,,
01:44:22.959,82.6,76,754.7,0.0,0.042401,,,
01:44:23.003,82.8,76,740.8,0.0,0.043199,,,
01:44:23.046,82.0,76,741.4,0.0,0.043159,,,
01:44:23.048,,,,,,True,1,
01:44:23.078,82.1,76,275.4,460.95053,0.0,,,
01:44:23.125,82.5,77,690.9,0.0,0.078993,,,
01:44:23.168,82.6,77,747.8,0.0,0.042793,,,
01:44:23.210,83.1,77,745.3,0.0,0.042936,,,
01:44:23.253,83.4,77,754.9,0.0,0.042388,,,
01:44:23.295,83.6,79,750.8,0.0,0.042619,,,
01:44:23.338,83.9,79,749.5,0.0,0.042692,,,
01:44:23.381,79.0,79,745.8,0.0,0.042909,,,
01:44:23.383,,,,,,True,1,
01:44:23.418,79.1,79,241.0,461.29052,0.0,,,
01:44:23.460,77.2,79,766.1,0.0,0.079119,,,
01:44:23.462,,,,,,True,1,
01:44:23.492,77.3,76,280.4,461.364371,0.0,,,
01:44:23.533,77.8,76,781.3,0.0,0.073058,,,
01:44:23.576,78.1,76,747.6,0.0,0.042805,,,
01:44:23.619,78.5,76,750.6,0.0,0.042635,,,
01:44:23.663,78.6,76,727.9,0.0,0.043964,,,
01:44:23.707,79.0,76,731.5,0.0,0.043748,,,
01:44:23.749,79.5,76,742.4,0.0,0.043105,,,
01:44:23.792,79.8,76,749.6,0.0,0.04269,,,
01:44:23.835,76.3,76,751.6,0.0,0.042578,,,
01:44:23.837,,,,,,True,1,
01:44:23.866,76.5,76,278.2,461.739179,0.0,,,
01:44:23.908,76.8,78,783.3,0.0,0.0732,,,
01:44:23.950,77.0,78,752.6,0.0,0.042519,,,
01:44:23.993,77.5,78,748.1,0.0,0.042774,,,
01:44:24.036,77.8,78,753.8,0.0,0.042454,,,
01:44:24.078,78.0,78,754.9,0.0,0.042387,,,
01:44:24.124,78.3,76,696.4,0.0,0.045951,,,
01:44:24.167,78.6,76,751.5,0.0,0.042583,,,
01:44:24.209,79.0,76,753.4,0.0,0.042475,,,
01:44:24.251,79.5,76,759.3,0.0,0.042145,,,
01:44:24.293,79.8,79,760.2,0.0,0.042092,,,
01:44:24.335,80.1,79,759.8,0.0,0.042117,,,
01:44:24.378,80.1,79,752.4,0.0,0.042528,,,
01:44:24.421,80.5,79,748.3,0.0,0.042763,,,
01:44:24.464,81.0,79,751.0,0.0,0.042609,,,
01:44:24.506,81.3,76,752.5,0.0,0.042523,,,
01:44:24.548,81.8,76,749.6,0.0,0.042688,,,
01:44:24.591,82.1,76,753.4,0.0,0.042477,,,
01:44:24.633,82.3,76,755.2,0.0,0.042371,,,
01:44:24.676,82.8,76,744.1,0.0,0.043008,,,
01:44:24.720,83.1,76,737.5,0.0,0.043387,,,
01:44:24.762,83.3,76,754.8,0.0,0.042393,,,
01:44:24.804,82.6,76,764.9,0.0,0.041837,,,
01:44:24.806,,,,,,True,1,
01:44:24.837,82.8,76,271.0,462.709305,0.0,,,
01:44:24.879,83.1,76,765.8,0.0,0.074997,,,
01:44:24.924,83.4,79,709.9,0.0,0.045078,,,
01:44:24.967,83.9,79,744.0,0.0,0.04301,,,
01:44:25.010,84.3,79,741.0,0.0,0.043183,,,
01:44:25.053,84.6,79,747.8,0.0,0.042792,,,
01:44:25.096,84.6,78,742.8,0.0,0.043081,,,
01:44:25.139,84.9,78,748.3,0.0,0.042763,,,
01:44:25.182,85.6,78,742.9,0.0,0.043072,,,
01:44:25.225,85.9,78,740.0,0.0,0.043243,,,
01:44:25.268,86.3,78,739.3,0.0,0.043283,,,
01:44:25.311,86.6,76,748.8,0.0,0.042737,,,
01:44:25.354,86.8,76,748.2,0.0,0.042772,,,
01:44:25.397,87.3,76,747.0,0.0,0.042837,,,
01:44:25.440,87.6,76,736.2,0.0,0.043467,,,
01:44:25.485,87.7,79,741.7,0.0,0.043145,,,
01:44:25.528,88.1,79,714.4,0.0,0.04479,,,
01:44:25.572,83.8,79,737.6,0.0,0.043383,,,
01:44:25.573,,,,,,True,1,
01:44:25.604,83.9,79,278.3,463.47605,0.0,,,
01:44:25.646,84.3,79,762.4,0.0,0.074309,,,
01:44:25.689,84.8,79,743.0,0.0,0.04307,,,
01:44:25.732,84.9,79,745.7,0.0,0.042911,,,
01:44:25.775,85.3,79,748.9,0.0,0.042731,,,
01:44:25.817,85.3,79,745.7,0.0,0.042913,,,
01:44:25.863,85.6,79,712.6,0.0,0.044906,,,
01:44:25.906,86.3,75,735.1,0.0,0.04353,,,
01:44:25.949,86.8,75,743.4,0.0,0.043046,,,
01:44:25.992,87.1,75,744.8,0.0,0.042966,,,
01:44:26.035,87.4,75,743.3,0.0,0.043052,,,
01:44:26.079,87.6,75,738.4,0.0,0.043335,,,
01:44:26.124,88.1,77,700.6,0.0,0.045676,,,
01:44:26.168,88.4,77,734.4,0.0,0.043571,,,
01:44:26.211,88.6,77,742.8,0.0,0.043077,,,
01:44:26.255,88.9,77,724.1,0.0,0.044193,,,
01:44:26.298,89.2,78,735.7,0.0,0.043497,,,
01:44:26.343,89.6,78,726.4,0.0,0.04405,,,
01:44:26.387,90.1,78,729.0,0.0,0.043898,,,
01:44:26.430,90.2,78,732.5,0.0,0.043685,,,
01:44:26.473,90.6,78,741.5,0.0,0.043157,,,
01:44:26.516,90.6,75,742.6,0.0,0.04309,,,
01:44:26.560,85.6,75,738.8,0.0,0.043313,,,
01:44:26.561,,,,,,True,1,
01:44:26.592,85.8,75,273.5,464.464582,0.0,,,
01:44:26.634,86.4,75,768.4,0.0,0.07456,,,
01:44:26.677,82.9,75,747.3,0.0,0.042823,,,
01:44:26.679,,,,,,True,1,
01:44:26.709,83.1,79,279.6,464.581217,0.0,,,
01:44:26.750,83.4,79,772.7,0.0,0.073598,,,
01:44:26.793,83.8,79,751.0,0.0,0.042609,,,
01:44:26.836,83.8,79,752.0,0.0,0.042555,,,
01:44:26.878,84.3,79,752.6,0.0,0.042518,,,
01:44:26.924,84.6,79,708.1,0.0,0.045194,,,
01:44:26.967,84.9,79,741.6,0.0,0.043151,,,
01:44:27.010,85.1,79,741.2,0.0,0.043171,,,
01:44:27.052,85.6,79,748.8,0.0,0.042737,,,
01:44:27.095,85.9,79,745.9,0.0,0.042903,,,
01:44:27.138,86.4,79,742.2,0.0,0.043113,,,
01:44:27.182,86.6,79,740.0,0.0,0.043246,,,
01:44:27.225,86.9,79,741.2,0.0,0.043171,,,
01:44:27.268,86.9,79,736.4,0.0,0.043455,,,
01:44:27.311,87.3,76,746.0,0.0,0.042895,,,
01:44:27.354,81.5,76,745.7,0.0,0.042914,,,
01:44:27.356,,,,,,True,2,
01:44:27.386,81.8,76,558.5,465.258475,0.0,,,
01:44:27.428,77.0,76,760.7,0.0,0.074296,,,
01:44:27.430,,,,,,True,1,
01:44:27.460,77.2,76,281.1,465.332516,0.0,,,
01:44:27.502,77.5,81,778.4,0.0,0.073124,,,
01:44:27.544,77.8,81,757.6,0.0,0.04224,,,
01:44:27.586,77.8,81,754.5,0.0,0.042414,,,
01:44:27.629,78.1,81,754.3,0.0,0.042426,,,
01:44:27.671,78.3,81,756.2,0.0,0.042319,,,
01:44:27.713,78.6,76,758.9,0.0,0.042166,,,
01:44:27.756,79.1,76,752.6,0.0,0.042522,,,
01:44:27.798,79.8,76,758.5,0.0,0.042186,,,
01:44:27.842,80.0,76,742.0,0.0,0.043128,,,
01:44:27.885,80.5,79,738.0,0.0,0.043363,,,
01:44:27.927,80.6,79,746.7,0.0,0.042858,,,
01:44:27.969,81.0,79,755.8,0.0,0.042338,,,
01:44:28.012,81.0,79,752.5,0.0,0.042523,,,
01:44:28.054,81.3,79,754.4,0.0,0.042418,,,
01:44:28.097,82.0,77,750.5,0.0,0.042636,,,
01:44:28.141,82.5,77,739.6,0.0,0.043269,,,
01:44:28.184,77.6,77,742.0,0.0,0.043125,,,
01:44:28.186,,,,,,True,1,
01:44:28.216,77.8,77,276.2,466.088128,0.0,,,
01:44:28.257,78.1,77,783.1,0.0,0.073451,,,
01:44:28.299,78.1,78,751.8,0.0,0.042565,,,
01:44:28.342,78.5,78,751.3,0.0,0.042591,,,
01:44:28.385,73.3,78,748.2,0.0,0.042768,,,
01:44:28.387,,,,,,True,1,
01:44:28.418,73.5,78,271.9,466.28999,0.0,,,
01:44:28.460,73.8,78,768.4,0.0,0.07474,,,
01:44:28.502,74.3,77,758.9,0.0,0.042165,,,
01:44:28.544,75.0,77,758.2,0.0,0.042204,,,
01:44:28.587,75.3,77,757.2,0.0,0.04226,,,
01:44:28.628,75.7,77,760.0,0.0,0.042107,,,
01:44:28.671,75.8,77,758.9,0.0,0.042166,,,
01:44:28.713,76.2,76,757.2,0.0,0.042259,,,
01:44:28.755,76.3,76,752.6,0.0,0.042517,,,
01:44:28.797,76.7,76,761.7,0.0,0.042011,,,
01:44:28.841,77.2,76,746.6,0.0,0.042859,,,
01:44:28.884,77.6,79,743.6,0.0,0.043033,,,
01:44:28.928,72.7,79,718.6,0.0,0.044532,,,
01:44:28.930,,,,,,True,1,
01:44:28.961,72.8,79,269.1,466.833148,0.0,,,
01:44:29.003,67.9,79,767.5,0.0,0.075134,,,
01:44:29.005,,,,,,True,1,
01:44:29.035,68.0,79,274.7,466.907589,0.0,,,
01:44:29.076,68.0,79,792.2,0.0,0.073159,,,
01:44:29.118,68.4,75,756.2,0.0,0.042317,,,
01:44:29.160,68.5,75,767.6,0.0,0.041688,,,
01:44:29.202,68.7,75,767.1,0.0,0.041715,,,
01:44:29.244,69.0,75,762.2,0.0,0.041982,,,
01:44:29.287,69.7,79,746.3,0.0,0.042879,,,
01:44:29.328,70.2,79,763.2,0.0,0.041927,,,
01:44:29.370,70.7,79,773.1,0.0,0.041394,,,
01:44:29.411,70.9,79,770.1,0.0,0.041553,,,
01:44:29.453,71.2,79,772.2,0.0,0.041438,,,
01:44:29.494,71.4,76,774.6,0.0,0.041314,,,
01:44:29.536,71.7,76,770.3,0.0,0.04154,,,
01:44:29.578,72.2,76,766.1,0.0,0.04177,,,
01:44:29.620,72.7,76,763.1,0.0,0.041935,,,
01:44:29.662,73.0,76,764.9,0.0,0.041835,,,
01:44:29.703,73.3,76,765.3,0.0,0.041811,,,
01:44:29.745,73.3,76,760.9,0.0,0.042056,,,
01:44:29.787,73.7,76,760.7,0.0,0.042069,,,
01:44:29.830,73.8,76,755.4,0.0,0.042364,,,
01:44:29.872,68.4,76,763.1,0.0,0.041937,,,
01:44:29.874,,,,,,True,2,
01:44:29.904,68.7,76,557.7,467.775762,0.0,,,
01:44:29.944,69.0,76,791.5,0.0,0.072706,,,
01:44:29.986,69.7,76,765.4,0.0,0.041808,,,
01:44:30.028,70.2,76,767.2,0.0,0.041711,,,
01:44:30.069,70.5,76,770.8,0.0,0.041514,,,
01:44:30.111,70.5,78,761.0,0.0,0.04205,,,
01:44:30.153,70.9,78,762.2,0.0,0.041983,,,
01:44:30.197,71.0,78,734.4,0.0,0.043571,,,
01:44:30.238,71.7,78,772.5,0.0,0.041426,,,
01:44:30.279,72.2,78,781.9,0.0,0.040926,,,
01:44:30.322,72.7,77,755.3,0.0,0.042368,,,
01:44:30.364,73.0,77,755.5,0.0,0.042359,,,
01:44:30.406,73.3,77,759.6,0.0,0.042127,,,
01:44:30.448,73.3,77,764.8,0.0,0.041842,,,
01:44:30.491,73.7,77,734.3,0.0,0.043577,,,
01:44:30.533,73.8,77,768.0,0.0,0.041667,,,
01:44:30.575,74.0,77,766.3,0.0,0.041758,,,
01:44:30.617,74.3,77,771.1,0.0,0.041499,,,
01:44:30.659,75.0,77,756.4,0.0,0.042306,,,
01:44:30.701,75.5,76,759.7,0.0,0.042121,,,
01:44:30.744,70.5,76,755.0,0.0,0.042386,,,
01:44:30.745,,,,,,True,1,
01:44:30.780,70.7,76,243.2,468.65216,0.0,,,
01:44:30.822,70.7,76,778.3,0.0,0.07812,,,
01:44:30.864,71.0,76,756.9,0.0,0.042276,,,
01:44:30.906,71.2,75,765.7,0.0,0.041793,,,
01:44:30.947,71.9,75,765.0,0.0,0.04183,,,
01:44:30.989,72.2,75,771.5,0.0,0.04148,,,
01:44:31.030,72.7,75,766.3,0.0,0.04176,,,
01:44:31.072,73.0,75,766.8,0.0,0.04173,,,
01:44:31.114,73.5,76,762.6,0.0,0.041961,,,
01:44:31.156,73.5,76,766.4,0.0,0.041752,,,
01:44:31.198,73.8,76,765.9,0.0,0.041782,,,
01:44:31.240,74.0,76,764.2,0.0,0.041871,,,
01:44:31.283,74.2,79,759.5,0.0,0.042131,,,
01:44:31.326,74.5,79,735.4,0.0,0.043515,,,
01:44:31.367,75.2,79,758.0,0.0,0.042218,,,
01:44:31.409,75.7,79,765.1,0.0,0.041824,,,
01:44:31.451,74.8,79,766.0,0.0,0.041775,,,
01:44:31.453,,,,,,True,1,
01:44:31.483,75.0,77,280.0,469.355095,0.0,,,
01:44:31.525,75.0,77,773.3,0.0,0.073526,,,
01:44:31.567,75.3,77,760.1,0.0,0.042099,,,
01:44:31.608,75.5,77,769.8,0.0,0.041568,,,
01:44:31.650,76.2,77,765.6,0.0,0.041799,,,
01:44:31.692,76.5,78,768.5,0.0,0.04164,,,
01:44:31.733,77.0,78,767.6,0.0,0.041686,,,
01:44:31.775,77.3,78,766.4,0.0,0.041755,,,
01:44:31.817,78.0,78,761.4,0.0,0.042027,,,
01:44:31.860,78.0,78,753.1,0.0,0.042494,,,
01:44:31.902,78.3,76,755.0,0.0,0.042385,,,
01:44:31.945,78.5,76,750.7,0.0,0.042627,,,
01:44:31.987,78.6,76,752.6,0.0,0.042519,,,
01:44:32.030,73.5,76,753.4,0.0,0.042472,,,
01:44:32.032,,,,,,True,1,
01:44:32.062,73.7,76,277.7,469.933946,0.0,,,
01:44:32.104,72.2,78,766.4,0.0,0.074168,,,
01:44:32.106,,,,,,True,1,
01:44:32.136,72.4,78,274.0,470.008534,0.0,,,
01:44:32.178,71.2,78,785.2,0.0,0.073607,,,
01:44:32.179,,,,,,True,1,
01:44:32.209,71.4,78,277.5,470.081707,0.0,,,
01:44:32.250,71.7,78,794.7,0.0,0.072705,,,
01:44:32.292,71.7,80,771.0,0.0,0.041505,,,
01:44:32.333,71.9,80,771.8,0.0,0.041459,,,
01:44:32.374,72.0,80,772.1,0.0,0.041446,,,
01:44:32.416,72.7,80,770.7,0.0,0.041521,,,
01:44:32.458,73.2,80,755.7,0.0,0.042347,,,
01:44:32.501,65.9,76,761.6,0.0,0.042016,,,
01:44:32.503,,,,,,True,2,
01:44:32.533,66.2,76,554.2,470.404734,0.0,,,
01:44:32.573,66.6,76,802.0,0.0,0.07238,,,
01:44:32.614,67.2,76,782.2,0.0,0.040912,,,
01:44:32.655,67.2,76,779.3,0.0,0.041061,,,
01:44:32.696,67.5,79,776.3,0.0,0.04122,,,
01:44:32.737,65.6,79,773.9,0.0,0.041347,,,
01:44:32.739,,,,,,True,1,
01:44:32.769,65.7,79,278.6,470.64144,0.0,,,
01:44:32.809,65.9,79,807.1,0.0,0.071951,,,
01:44:32.850,66.1,79,776.8,0.0,0.041194,,,
01:44:32.892,67.1,79,773.3,0.0,0.041378,,,
01:44:32.933,67.5,79,778.9,0.0,0.041085,,,
01:44:32.975,67.9,79,770.6,0.0,0.041527,,,
01:44:33.017,67.9,79,758.7,0.0,0.042179,,,
01:44:33.059,67.9,79,754.3,0.0,0.042423,,,
01:44:33.102,62.9,75,756.8,0.0,0.042284,,,
01:44:33.104,,,,,,True,1,
01:44:33.134,63.1,75,271.5,471.006288,0.0,,,
01:44:33.175,63.7,75,798.8,0.0,0.073206,,,
01:44:33.216,64.1,75,770.2,0.0,0.041549,,,
01:44:33.260,64.6,75,736.6,0.0,0.043445,,,
01:44:33.301,64.9,76,770.1,0.0,0.041554,,,
01:44:33.342,65.4,76,778.6,0.0,0.041101,,,
01:44:33.384,65.4,76,771.1,0.0,0.041498,,,
01:44:33.425,65.7,76,766.0,0.0,0.041778,,,
01:44:33.467,64.2,76,770.6,0.0,0.041528,,,
01:44:33.469,,,,,,True,1,
01:44:33.499,64.4,76,276.6,471.371314,0.0,,,
01:44:33.540,64.4,76,793.5,0.0,0.072866,,,
01:44:33.582,64.6,76,763.6,0.0,0.041908,,,
01:44:33.624,65.6,76,760.1,0.0,0.042102,,,
01:44:33.667,66.1,76,750.2,0.0,0.042655,,,
01:44:33.709,66.4,76,761.5,0.0,0.042024,,,
01:44:33.750,66.4,76,770.0,0.0,0.041556,,,
01:44:33.791,66.4,76,776.3,0.0,0.041221,,,
01:44:33.833,66.9,76,775.7,0.0,0.041255,,,
01:44:33.874,67.5,76,777.5,0.0,0.041155,,,
01:44:33.915,67.9,77,779.0,0.0,0.04108,,,
01:44:33.956,68.4,77,772.0,0.0,0.041453,,,
01:44:33.998,68.7,77,764.8,0.0,0.041843,,,
01:44:34.040,69.2,77,764.3,0.0,0.041867,,,
01:44:34.083,69.2,79,764.6,0.0,0.041852,,,
01:44:34.125,69.5,79,754.2,0.0,0.042429,,,
01:44:34.166,69.7,79,758.3,0.0,0.042197,,,
01:44:34.208,69.7,79,767.3,0.0,0.041703,,,
01:44:34.250,69.9,79,772.8,0.0,0.041409,,,
01:44:34.291,70.9,77,773.5,0.0,0.041369,,,
01:44:34.332,71.4,77,773.1,0.0,0.041394,,,
01:44:34.374,69.9,77,771.3,0.0,0.041486,,,
01:44:34.376,,,,,,True,1,
01:44:34.406,70.0,77,277.6,472.278002,0.0,,,
01:44:34.446,70.0,77,795.9,0.0,0.072625,,,
01:44:34.488,70.0,79,772.6,0.0,0.041419,,,
01:44:34.530,64.6,79,771.0,0.0,0.041506,,,
01:44:34.531,,,,,,True,2,
01:44:34.561,64.9,79,559.2,472.433304,0.0,,,
01:44:34.602,65.6,79,787.8,0.0,0.072807,,,
01:44:34.644,65.9,79,775.4,0.0,0.041271,,,
01:44:34.685,66.4,78,772.9,0.0,0.041404,,,
01:44:34.726,66.6,78,773.3,0.0,0.041382,,,
01:44:34.767,67.1,78,777.7,0.0,0.041147,,,
01:44:34.811,67.1,78,743.3,0.0,0.04305,,,
01:44:34.852,67.4,78,774.6,0.0,0.041312,,,
01:44:34.893,67.9,76,780.2,0.0,0.041013,,,
01:44:34.934,67.9,76,780.3,0.0,0.041008,,,
01:44:34.975,68.0,76,776.3,0.0,0.041219,,,
01:44:35.017,68.9,76,768.4,0.0,0.041643,,,
01:44:35.059,69.4,76,769.1,0.0,0.041605,,,
01:44:35.100,69.7,76,762.6,0.0,0.041963,,,
01:44:35.142,69.7,76,764.1,0.0,0.041878,,,
01:44:35.184,69.7,76,765.6,0.0,0.041798,,,
01:44:35.226,70.2,76,761.7,0.0,0.042011,,,
01:44:35.268,70.9,76,761.7,0.0,0.042012,,,
01:44:35.309,71.2,75,769.8,0.0,0.041571,,,
01:44:35.351,71.7,75,771.2,0.0,0.041492,,,
01:44:35.392,71.9,75,770.3,0.0,0.041544,,,
01:44:35.434,72.4,75,770.8,0.0,0.041513,,,
01:44:35.476,72.4,75,768.5,0.0,0.041639,,,
01:44:35.520,72.7,77,728.5,0.0,0.043928,,,
01:44:35.562,73.2,77,766.0,0.0,0.041777,,,
01:44:35.604,73.2,77,764.3,0.0,0.041871,,,
01:44:35.645,73.3,77,765.3,0.0,0.041816,,,
01:44:35.687,74.2,79,768.5,0.0,0.041637,,,
01:44:35.728,74.7,79,767.1,0.0,0.041717,,,
01:44:35.770,75.0,79,765.1,0.0,0.041824,,,
01:44:35.812,75.0,79,767.8,0.0,0.041677,,,
01:44:35.854,71.7,79,759.5,0.0,0.042133,,,
01:44:35.856,,,,,,True,1,
01:44:35.886,71.9,77,280.0,473.757882,0.0,,,
01:44:35.926,72.4,77,794.0,0.0,0.072444,,,
01:44:35.968,73.0,77,771.2,0.0,0.041495,,,
01:44:36.010,73.3,77,763.9,0.0,0.041888,,,
01:44:36.051,73.8,77,768.1,0.0,0.041661,,,
01:44:36.093,74.0,79,766.2,0.0,0.041764,,,
01:44:36.135,74.5,79,761.1,0.0,0.042044,,,
01:44:36.178,69.2,79,759.7,0.0,0.042124,,,
01:44:36.220,69.5,79,735.1,0.0,0.042173,,,
01:44:36.262,70.0,79,745.0,0.0,0.04161,,,
01:44:36.303,70.0,75,738.9,0.0,0.041954,,,
01:44:36.345,70.2,75,736.3,0.0,0.042105,,,
01:44:36.387,70.9,75,748.9,0.0,0.041392,,,
01:44:36.428,66.1,75,750.9,0.0,0.041283,,,
01:44:36.469,66.4,75,728.0,0.0,0.041208,,,
01:44:36.510,66.4,76,740.3,0.0,0.040522,,,
01:44:36.550,66.4,76,739.9,0.0,0.040544,,,
01:44:36.591,66.9,76,739.6,0.0,0.040563,,,
01:44:36.631,67.4,76,739.0,0.0,0.040595,,,
01:44:36.672,67.7,76,739.1,0.0,0.040588,,,
01:44:36.713,68.2,78,734.2,0.0,0.040863,,,
01:44:36.754,68.4,78,734.1,0.0,0.040865,,,
01:44:36.795,68.9,78,733.6,0.0,0.040894,,,
01:44:36.836,68.9,78,732.0,0.0,0.040982,,,
01:44:36.877,69.2,78,731.6,0.0,0.041007,,,
01:44:36.919,69.7,79,716.2,0.0,0.041887,,,
01:44:36.960,69.7,79,724.7,0.0,0.041398,,,
01:44:37.001,69.9,79,725.9,0.0,0.041327,,,
01:44:37.043,70.5,79,725.1,0.0,0.041375,,,
01:44:37.085,71.0,79,714.1,0.0,0.04201,,,
01:44:37.126,71.4,79,720.4,0.0,0.041646,,,
01:44:37.168,71.4,79,723.8,0.0,0.041448,,,
01:44:37.209,71.4,79,728.8,0.0,0.041161,,,
01:44:37.250,71.9,79,724.7,0.0,0.041396,,,
01:44:37.293,72.4,76,709.0,0.0,0.042315,,,
01:44:37.334,72.7,76,726.1,0.0,0.041316,,,
01:44:37.375,73.2,76,724.0,0.0,0.041435,,,
01:44:37.417,73.3,76,722.9,0.0,0.041501,,,
01:44:37.459,73.8,76,719.2,0.0,0.04171,,,
01:44:37.501,68.5,76,719.2,0.0,0.041713,,,
01:44:37.542,68.9,76,697.4,0.0,0.041583,,,
01:44:37.583,69.4,76,705.2,0.0,0.04112,,,
01:44:37.624,69.4,76,709.0,0.0,0.040902,,,
01:44:37.665,67.7,76,710.3,0.0,0.040825,,,
01:44:37.706,68.2,77,684.0,0.0,0.040933,,,
01:44:37.746,68.7,77,693.5,0.0,0.040372,,,
01:44:37.786,69.0,77,692.7,0.0,0.040419,,,
01:44:37.827,69.0,77,692.4,0.0,0.040439,,,
01:44:37.867,69.0,77,694.0,0.0,0.040347,,,
01:44:37.908,69.5,79,688.5,0.0,0.04067,,,
01:44:37.948,70.0,79,691.4,0.0,0.040497,,,
01:44:37.989,65.1,79,685.4,0.0,0.040854,,,
01:44:38.030,65.6,79,661.7,0.0,0.040804,,,
01:44:38.070,65.7,79,671.4,0.0,0.040215,,,
01:44:38.110,66.1,78,670.3,0.0,0.040282,,,
01:44:38.151,63.6,78,661.2,0.0,0.040833,,,
01:44:38.192,63.7,78,641.8,0.0,0.040508,,,
01:44:38.231,64.2,78,654.3,0.0,0.03974,,,
01:44:38.271,64.2,78,652.5,0.0,0.039847,,,
01:44:38.311,64.4,79,651.5,0.0,0.039906,,,
01:44:38.352,64.9,79,645.2,0.0,0.0403,,,
01:44:38.392,65.4,79,648.8,0.0,0.040077,,,
01:44:38.432,65.7,79,651.2,0.0,0.039923,,,
01:44:38.472,65.7,79,648.7,0.0,0.040082,,,
01:44:38.512,65.7,79,643.8,0.0,0.040387,,,
01:44:38.553,66.1,79,640.5,0.0,0.040592,,,
01:44:38.593,66.6,79,644.9,0.0,0.040314,,,
01:44:38.633,66.9,79,645.9,0.0,0.040252,,,
01:44:38.674,67.4,79,637.6,0.0,0.04078,,,
01:44:38.718,67.5,79,594.3,0.0,0.043749,,,
01:44:38.759,67.9,79,635.9,0.0,0.040889,,,
01:44:38.801,67.9,79,623.2,0.0,0.041717,,,
01:44:38.842,68.0,79,634.3,0.0,0.040988,,,
01:44:38.883,68.5,80,626.0,0.0,0.041535,,,
01:44:38.924,68.5,80,631.5,0.0,0.041174,,,
01:44:38.965,68.7,80,637.5,0.0,0.040786,,,
01:44:39.006,69.2,80,634.1,0.0,0.041006,,,
01:44:39.047,69.7,80,632.1,0.0,0.04113,,,
01:44:39.088,70.0,77,627.7,0.0,0.04142,,,
01:44:39.130,70.0,77,622.6,0.0,0.041763,,,
01:44:39.172,70.0,77,629.4,0.0,0.041311,,,
01:44:39.213,70.4,77,624.6,0.0,0.041626,,,
01:44:39.255,70.9,77,626.6,0.0,0.041492,,,
01:44:39.295,71.2,77,637.8,0.0,0.040765,,,
01:44:39.336,71.7,77,640.3,0.0,0.040605,,,
01:44:39.377,71.9,77,638.3,0.0,0.040731,,,
01:44:39.418,72.2,77,635.5,0.0,0.040911,,,
01:44:39.459,72.2,77,637.0,0.0,0.040814,,,
01:44:39.499,72.4,78,636.0,0.0,0.040878,,,
01:44:39.541,72.8,78,633.8,0.0,0.041024,,,
01:44:39.581,72.8,78,636.6,0.0,0.040843,,,
01:44:39.622,73.0,78,634.2,0.0,0.040994,,,
01:44:39.663,73.5,78,633.2,0.0,0.041061,,,
01:44:39.704,74.0,79,639.7,0.0,0.040642,,,
01:44:39.745,74.3,79,634.4,0.0,0.040984,,,
01:44:39.786,72.7,79,636.2,0.0,0.040865,,,
01:44:39.827,72.7,79,604.8,0.0,0.041337,,,
01:44:39.868,72.8,79,616.4,0.0,0.040556,,,
01:44:39.908,73.3,79,616.9,0.0,0.040527,,,
01:44:39.949,73.7,79,617.3,0.0,0.040498,,,
01:44:39.989,74.2,79,612.6,0.0,0.04081,,,
01:44:40.030,74.3,79,613.1,0.0,0.040778,,,
01:44:40.071,74.7,79,612.4,0.0,0.040825,,,
01:44:40.113,74.7,79,600.9,0.0,0.041603,,,
01:44:40.154,74.8,79,603.5,0.0,0.041427,,,
01:44:40.197,75.3,79,591.0,0.0,0.042301,,,
01:44:40.238,75.3,79,602.9,0.0,0.041464,,,
01:44:40.281,75.5,80,616.4,0.0,0.040556,,,
01:44:40.322,76.0,80,576.6,0.0,0.043356,,,
01:44:40.363,76.5,80,602.9,0.0,0.041467,,,
01:44:40.404,71.5,80,612.2,0.0,0.040833,,,
01:44:40.445,71.5,80,589.5,0.0,0.040713,,,
01:44:40.484,71.5,79,602.8,0.0,0.039816,,,
01:44:40.524,71.7,79,600.9,0.0,0.03994,,,
01:44:40.564,72.2,79,601.4,0.0,0.039907,,,
01:44:40.604,72.4,79,601.2,0.0,0.039917,,,
01:44:40.644,72.8,79,600.7,0.0,0.039955,,,
01:44:40.684,73.0,80,603.5,0.0,0.039769,,,
01:44:40.724,73.3,80,602.3,0.0,0.039846,,,
01:44:40.764,73.3,80,603.7,0.0,0.039757,,,
01:44:40.803,73.5,80,602.1,0.0,0.03986,,,
01:44:40.844,74.0,80,597.2,0.0,0.040189,,,
01:44:40.884,74.0,81,598.2,0.0,0.040118,,,
01:44:40.924,74.2,81,601.1,0.0,0.039928,,,
01:44:40.964,74.7,81,597.4,0.0,0.040172,,,
01:44:41.004,75.2,81,598.5,0.0,0.040103,,,
01:44:41.044,75.5,81,599.0,0.0,0.040065,,,
01:44:41.086,75.5,80,567.1,0.0,0.042318,,,
01:44:41.127,75.5,80,595.2,0.0,0.040324,,,
01:44:41.167,75.7,80,596.5,0.0,0.040232,,,
01:44:41.207,76.2,80,593.0,0.0,0.040475,,,
01:44:41.248,76.3,80,596.6,0.0,0.040231,,,
01:44:41.288,76.8,80,589.4,0.0,0.04072,,,
01:44:41.329,77.0,80,590.2,0.0,0.040661,,,
01:44:41.370,77.3,80,590.7,0.0,0.040628,,,
01:44:41.411,77.3,80,586.0,0.0,0.040955,,,
01:44:41.452,77.5,80,582.5,0.0,0.041203,,,
01:44:41.492,72.7,79,590.5,0.0,0.040641,,,
01:44:41.533,72.7,79,563.3,0.0,0.040828,,,
01:44:41.573,72.8,79,574.8,0.0,0.040011,,,
01:44:41.614,73.3,79,572.7,0.0,0.040163,,,
01:44:41.654,73.8,79,569.1,0.0,0.040417,,,
01:44:41.694,74.0,79,574.2,0.0,0.040058,,,
01:44:41.734,74.0,79,574.8,0.0,0.040014,,,
01:44:41.774,74.0,79,571.9,0.0,0.04022,,,
01:44:41.814,71.5,79,573.9,0.0,0.040078,,,
01:44:41.855,72.0,79,541.6,0.0,0.04062,,,
01:44:41.894,72.2,80,554.0,0.0,0.039714,,,
01:44:41.935,72.7,80,549.1,0.0,0.040063,,,
01:44:41.974,72.8,80,551.4,0.0,0.039901,,,
01:44:42.015,71.4,80,548.7,0.0,0.040096,,,
01:44:42.055,71.4,80,521.8,0.0,0.040247,,,
01:44:42.094,71.4,80,529.5,0.0,0.03966,,,
01:44:42.134,71.9,80,525.4,0.0,0.039966,,,
01:44:42.174,71.9,80,526.2,0.0,0.03991,,,
01:44:42.214,72.0,80,527.0,0.0,0.039849,,,
01:44:42.254,72.5,80,527.5,0.0,0.039811,,,
01:44:42.294,67.7,80,529.0,0.0,0.039698,,,
01:44:42.333,67.9,80,503.0,0.0,0.039763,,,
01:44:42.372,67.9,80,514.1,0.0,0.038906,,,
01:44:42.411,62.6,80,512.9,0.0,0.03899,,,
01:44:42.450,62.7,80,485.5,0.0,0.039136,,,
01:44:42.489,63.1,81,498.4,0.0,0.038122,,,
01:44:42.527,63.2,81,498.4,0.0,0.038123,,,
01:44:42.565,63.7,81,495.6,0.0,0.038335,,,
01:44:42.603,63.7,81,497.6,0.0,0.038182,,,
01:44:42.641,63.9,81,499.6,0.0,0.038028,,,
01:44:42.680,63.9,83,494.0,0.0,0.038462,,,
01:44:42.718,63.9,83,494.5,0.0,0.038419,,,
01:44:42.757,64.4,83,489.4,0.0,0.038821,,,
01:44:42.796,64.4,83,484.1,0.0,0.039244,,,
01:44:42.835,64.6,83,489.0,0.0,0.038852,,,
01:44:42.874,65.1,83,493.7,0.0,0.038484,,,
01:44:42.915,65.6,78,461.8,0.0,0.041144,,,
01:44:42.953,65.7,78,491.3,0.0,0.038671,,,
01:44:42.992,65.7,78,492.0,0.0,0.038621,,,
01:44:43.031,65.7,78,491.4,0.0,0.038669,,,
01:44:43.069,65.9,78,492.6,0.0,0.038569,,,
01:44:43.108,66.2,80,492.5,0.0,0.038578,,,
01:44:43.146,66.4,80,492.0,0.0,0.038618,,,
01:44:43.185,66.9,80,492.0,0.0,0.038616,,,
01:44:43.224,66.9,80,492.9,0.0,0.038544,,,
01:44:43.262,67.1,80,492.4,0.0,0.038584,,,
01:44:43.301,67.1,82,490.8,0.0,0.038712,,,
01:44:43.340,67.1,82,487.8,0.0,0.038951,,,
01:44:43.379,62.3,82,485.5,0.0,0.039132,,,
01:44:43.419,62.3,82,457.6,0.0,0.039333,,,
01:44:43.457,62.4,82,463.4,0.0,0.038845,,,
01:44:43.496,62.9,81,464.6,0.0,0.038739,,,
01:44:43.534,63.4,81,465.7,0.0,0.038652,,,
01:44:43.573,63.4,81,469.7,0.0,0.038324,,,
01:44:43.612,58.1,81,465.1,0.0,0.038701,,,
01:44:43.651,55.1,81,432.2,0.0,0.039332,,,
01:44:43.690,55.3,81,412.9,0.0,0.038753,,,
01:44:43.727,55.6,81,421.9,0.0,0.037925,,,
01:44:43.765,55.8,81,426.5,0.0,0.037517,,,
01:44:43.803,56.1,81,423.2,0.0,0.037806,,,
01:44:43.841,56.1,81,426.1,0.0,0.03755,,,
01:44:43.879,56.3,83,419.9,0.0,0.038108,,,
01:44:43.917,56.3,83,414.3,0.0,0.03862,,,
01:44:43.956,56.3,83,419.0,0.0,0.038182,,,
01:44:43.994,56.8,83,417.6,0.0,0.038311,,,
01:44:44.032,56.8,83,422.2,0.0,0.0379,,,
01:44:44.069,57.0,83,424.7,0.0,0.037676,,,
01:44:44.107,57.3,80,422.9,0.0,0.037831,,,
01:44:44.145,57.8,80,422.9,0.0,0.037832,,,
01:44:44.183,53.3,80,420.0,0.0,0.038095,,,
01:44:44.221,53.3,80,395.9,0.0,0.03789,,,
01:44:44.259,53.3,80,399.9,0.0,0.037508,,,
01:44:44.296,53.5,83,396.5,0.0,0.037827,,,
01:44:44.334,53.8,83,397.9,0.0,0.037698,,,
01:44:44.371,54.0,83,402.2,0.0,0.037298,,,
01:44:44.408,54.3,83,405.2,0.0,0.037015,,,
01:44:44.445,54.3,83,401.4,0.0,0.037369,,,
01:44:44.483,54.5,84,401.2,0.0,0.037389,,,
01:44:44.521,54.5,84,402.4,0.0,0.037272,,,
01:44:44.558,54.5,84,396.7,0.0,0.037812,,,
01:44:44.596,55.0,84,394.5,0.0,0.038018,,,
01:44:44.634,55.0,84,394.0,0.0,0.038074,,,
01:44:44.672,55.1,84,398.8,0.0,0.037609,,,
01:44:44.709,55.3,80,401.1,0.0,0.037394,,,
01:44:44.747,55.8,80,399.6,0.0,0.037537,,,
01:44:44.784,55.8,80,399.8,0.0,0.037516,,,
01:44:44.822,50.5,80,399.0,0.0,0.037594,,,
01:44:44.859,50.5,80,374.0,0.0,0.037433,,,
01:44:44.897,50.7,84,377.0,0.0,0.037134,,,
01:44:44.933,51.0,84,376.5,0.0,0.037183,,,
01:44:44.971,51.2,84,376.8,0.0,0.037152,,,
01:44:45.007,51.3,84,379.5,0.0,0.036892,,,
01:44:45.045,51.3,84,377.0,0.0,0.037139,,,
01:44:45.083,51.5,83,362.9,0.0,0.038574,,,
01:44:45.121,51.5,83,377.1,0.0,0.037122,,,
01:44:45.158,46.2,83,373.3,0.0,0.037503,,,
01:44:45.196,46.7,83,345.9,0.0,0.037588,,,
01:44:45.232,46.7,83,350.3,0.0,0.037108,,,
01:44:45.269,46.9,83,355.9,0.0,0.03653,,,
01:44:45.305,47.0,80,358.1,0.0,0.036301,,,
01:44:45.342,47.4,80,357.9,0.0,0.036323,,,
01:44:45.377,43.4,80,363.4,0.0,0.035773,,,
01:44:45.413,43.4,80,334.7,0.0,0.035855,,,
01:44:45.450,43.4,80,329.2,0.0,0.036448,,,
01:44:45.486,43.5,86,334.4,0.0,0.03588,,,
01:44:45.522,40.2,86,332.1,0.0,0.036135,,,
01:44:45.559,40.4,86,301.2,0.0,0.036515,,,
01:44:45.595,40.4,86,302.7,0.0,0.036342,,,
01:44:45.631,40.4,86,303.9,0.0,0.036202,,,
01:44:45.666,40.6,86,311.5,0.0,0.035309,,,
01:44:45.702,40.6,82,310.1,0.0,0.035469,,,
01:44:45.737,40.6,82,309.4,0.0,0.035552,,,
01:44:45.773,41.1,82,304.5,0.0,0.036127,,,
01:44:45.809,41.1,82,308.5,0.0,0.035661,,,
01:44:45.844,41.2,82,308.9,0.0,0.035608,,,
01:44:45.880,41.4,86,308.9,0.0,0.035613,,,
01:44:45.916,41.7,86,306.4,0.0,0.035905,,,
01:44:45.952,41.7,86,305.6,0.0,0.035996,,,
01:44:45.988,41.7,86,307.3,0.0,0.035798,,,
01:44:46.023,41.7,86,308.6,0.0,0.035642,,,
01:44:46.059,41.9,86,307.9,0.0,0.035728,,,
01:44:46.096,42.1,82,303.7,0.0,0.036225,,,
01:44:46.132,42.2,82,302.0,0.0,0.03642,,,
01:44:46.168,42.2,82,307.4,0.0,0.035779,,,
01:44:46.203,42.2,82,309.2,0.0,0.035574,,,
01:44:46.239,42.4,82,308.6,0.0,0.035643,,,
01:44:46.278,42.4,84,297.2,0.0,0.037012,,,
01:44:46.315,42.4,84,285.7,0.0,0.038497,,,
01:44:46.351,42.9,84,303.4,0.0,0.036257,,,
01:44:46.386,42.9,84,309.1,0.0,0.035589,,,
01:44:46.422,43.0,84,309.5,0.0,0.035545,,,
01:44:46.458,43.2,84,308.7,0.0,0.035631,,,
01:44:46.494,43.5,82,302.0,0.0,0.036422,,,
01:44:46.530,43.5,82,305.3,0.0,0.036034,,,
01:44:46.565,43.5,82,310.6,0.0,0.035417,,,
01:44:46.601,43.5,82,309.1,0.0,0.035591,,,
01:44:46.637,43.7,82,307.6,0.0,0.035763,,,
01:44:46.673,43.9,82,303.9,0.0,0.036192,,,
01:44:46.712,44.0,83,283.5,0.0,0.038795,,,
01:44:46.748,44.0,83,303.9,0.0,0.036196,,,
01:44:46.783,44.0,83,308.7,0.0,0.035629,,,
01:44:46.819,44.2,83,308.6,0.0,0.035644,,,
01:44:46.855,44.2,83,304.3,0.0,0.03615,,,
01:44:46.891,44.2,84,303.0,0.0,0.036304,,,
01:44:46.927,44.7,84,307.3,0.0,0.035793,,,
01:44:46.963,44.7,84,308.0,0.0,0.035716,,,
01:44:46.999,44.9,84,305.7,0.0,0.035977,,,
01:44:47.036,45.0,84,302.8,0.0,0.036326,,,
01:44:47.072,45.4,84,301.2,0.0,0.036526,,,
01:44:47.108,45.4,82,304.1,0.0,0.036172,,,
01:44:47.144,45.4,82,304.2,0.0,0.036158,,,
01:44:47.180,45.4,82,306.2,0.0,0.035927,,,
01:44:47.217,45.5,82,304.1,0.0,0.036173,,,
01:44:47.253,45.7,82,303.3,0.0,0.036273,,,
01:44:47.289,45.9,85,305.5,0.0,0.036001,,,
01:44:47.324,45.9,85,308.0,0.0,0.035712,,,
01:44:47.360,45.9,85,306.5,0.0,0.035884,,,
01:44:47.396,46.0,85,304.9,0.0,0.036074,,,
01:44:47.433,46.0,85,301.8,0.0,0.036452,,,
01:44:47.469,46.0,85,305.3,0.0,0.036036,,,
01:44:47.505,46.5,83,305.6,0.0,0.03599,,,
01:44:47.541,46.5,83,306.2,0.0,0.035922,,,
01:44:47.577,46.7,83,306.7,0.0,0.035869,,,
01:44:47.613,46.9,83,300.6,0.0,0.036597,,,
01:44:47.649,47.2,83,303.5,0.0,0.036246,,,
01:44:47.685,47.2,86,308.1,0.0,0.035702,,,
01:44:47.722,47.2,86,293.9,0.0,0.037424,,,
01:44:47.759,47.2,86,303.8,0.0,0.036205,,,
01:44:47.795,47.4,86,302.1,0.0,0.036411,,,
01:44:47.831,47.5,86,302.4,0.0,0.03637,,,
01:44:47.867,47.7,86,305.8,0.0,0.035969,,,
01:44:47.903,47.7,82,306.0,0.0,0.035949,,,
01:44:47.940,47.7,82,306.0,0.0,0.035948,,,
01:44:47.976,42.5,82,300.8,0.0,0.036572,,,
01:44:48.013,42.5,82,271.4,0.0,0.036847,,,
01:44:48.049,42.5,82,278.1,0.0,0.035955,,,
01:44:48.084,43.0,85,280.3,0.0,0.035671,,,
01:44:48.120,43.0,85,278.6,0.0,0.035888,,,
01:44:48.156,43.0,85,278.7,0.0,0.035884,,,
01:44:48.192,43.2,85,275.1,0.0,0.036346,,,
01:44:48.228,43.5,85,279.0,0.0,0.035837,,,
01:44:48.264,43.5,85,282.2,0.0,0.035441,,,
01:44:48.300,43.5,83,281.8,0.0,0.035492,,,
01:44:48.336,43.5,83,277.9,0.0,0.035985,,,
01:44:48.372,43.7,83,276.8,0.0,0.036126,,,
01:44:48.407,43.9,83,277.7,0.0,0.036007,,,
01:44:48.443,44.0,83,282.3,0.0,0.035425,,,
01:44:48.478,44.0,86,281.9,0.0,0.035472,,,
01:44:48.514,44.0,86,278.3,0.0,0.035935,,,
01:44:48.551,44.2,86,275.0,0.0,0.036365,,,
01:44:48.587,44.2,86,277.2,0.0,0.036072,,,
01:44:48.622,38.9,86,279.6,0.0,0.035769,,,
01:44:48.658,39.4,86,251.7,0.0,0.035758,,,
01:44:48.694,39.4,83,252.6,0.0,0.035627,,,
01:44:48.728,39.4,83,257.0,0.0,0.03502,,,
01:44:48.763,39.6,83,259.9,0.0,0.034625,,,
01:44:48.798,39.7,83,261.2,0.0,0.034459,,,
01:44:48.833,39.7,83,254.6,0.0,0.035356,,,
01:44:48.869,39.7,83,254.1,0.0,0.035419,,,
01:44:48.904,39.7,84,257.0,0.0,0.035022,,,
01:44:48.939,39.9,84,257.1,0.0,0.035002,,,
01:44:48.974,40.1,84,254.5,0.0,0.035365,,,
01:44:49.010,40.2,84,252.6,0.0,0.035623,,,
01:44:49.045,40.2,84,256.5,0.0,0.035087,,,
01:44:49.080,40.2,87,256.7,0.0,0.035059,,,
01:44:49.116,40.4,87,250.2,0.0,0.035969,,,
01:44:49.151,40.4,87,252.5,0.0,0.035646,,,
01:44:49.187,35.1,87,254.0,0.0,0.035431,,,
01:44:49.222,35.6,87,229.3,0.0,0.034894,,,
01:44:49.256,35.6,87,234.4,0.0,0.034123,,,
01:44:49.290,35.6,83,231.9,0.0,0.034503,,,
01:44:49.324,35.8,83,235.5,0.0,0.033965,,,
01:44:49.359,35.8,83,235.2,0.0,0.034015,,,
01:44:49.393,35.8,83,231.6,0.0,0.034536,,,
01:44:49.427,35.8,83,232.1,0.0,0.034465,,,
01:44:49.461,35.8,83,235.3,0.0,0.033999,,,
01:44:49.496,35.9,85,232.9,0.0,0.034343,,,
01:44:49.530,36.1,85,229.6,0.0,0.03485,,,
01:44:49.563,36.3,85,240.6,0.0,0.033255,,,
01:44:49.597,36.3,85,243.6,0.0,0.032839,,,
01:44:49.632,36.3,85,228.9,0.0,0.034947,,,
01:44:49.666,36.4,85,231.7,0.0,0.03453,,,
01:44:49.701,36.4,85,230.8,0.0,0.034657,,,
01:44:49.736,36.4,85,232.4,0.0,0.034423,,,
01:44:49.770,36.9,85,229.0,0.0,0.034938,,,
01:44:49.804,36.9,85,234.6,0.0,0.034104,,,
01:44:49.839,36.9,85,233.8,0.0,0.03421,,,
01:44:49.873,37.1,85,231.1,0.0,0.034618,,,
01:44:49.910,31.8,85,219.2,0.0,0.036496,,,
01:44:49.944,31.8,85,205.6,0.0,0.034046,,,
01:44:49.977,31.8,85,208.2,0.0,0.033623,,,
01:44:50.012,31.8,85,203.2,0.0,0.034441,,,
01:44:50.046,32.0,85,206.4,0.0,0.03391,,,
01:44:50.079,32.0,85,208.2,0.0,0.03362,,,
01:44:50.113,32.1,85,205.4,0.0,0.034084,,,
01:44:50.148,32.1,85,203.3,0.0,0.034424,,,
01:44:50.181,32.1,85,207.2,0.0,0.033789,,,
01:44:50.216,32.3,85,205.6,0.0,0.034053,,,
01:44:50.251,32.3,85,199.8,0.0,0.03504,,,
01:44:50.285,32.3,84,204.1,0.0,0.034289,,,
01:44:50.319,32.8,84,207.4,0.0,0.033751,,,
01:44:50.353,32.8,84,205.6,0.0,0.034039,,,
01:44:50.386,32.8,84,206.6,0.0,0.033884,,,
01:44:50.420,32.9,84,209.0,0.0,0.033488,,,
01:44:50.454,32.9,84,208.3,0.0,0.033612,,,
01:44:50.488,32.9,85,204.8,0.0,0.034186,,,
01:44:50.521,32.9,85,209.3,0.0,0.033438,,,
01:44:50.555,32.9,85,208.8,0.0,0.033533,,,
01:44:50.589,33.1,85,204.7,0.0,0.034193,,,
01:44:50.622,33.1,85,209.2,0.0,0.033461,,,
01:44:50.656,33.3,85,208.0,0.0,0.03366,,,
01:44:50.690,33.3,86,204.2,0.0,0.034287,,,
01:44:50.724,33.3,86,208.8,0.0,0.033518,,,
01:44:50.758,33.4,86,208.3,0.0,0.033602,,,
01:44:50.791,33.4,86,205.9,0.0,0.033996,,,
01:44:50.825,33.4,86,207.2,0.0,0.033781,,,
01:44:50.859,33.9,86,208.6,0.0,0.033565,,,
01:44:50.893,33.9,85,205.3,0.0,0.034102,,,
01:44:50.927,33.9,85,204.5,0.0,0.034229,,,
01:44:50.961,34.1,85,208.1,0.0,0.033645,,,
01:44:50.995,34.1,85,207.1,0.0,0.033807,,,
01:44:51.029,34.1,85,203.3,0.0,0.034436,,,
01:44:51.063,34.1,85,208.4,0.0,0.03359,,,
01:44:51.097,34.1,85,206.7,0.0,0.033867,,,
01:44:51.131,34.3,85,203.3,0.0,0.034426,,,
01:44:51.165,34.3,85,207.0,0.0,0.033823,,,
01:44:51.199,34.4,85,208.4,0.0,0.033592,,,
01:44:51.232,34.4,85,205.3,0.0,0.034091,,,
01:44:51.267,34.4,85,205.6,0.0,0.034053,,,
01:44:51.300,34.6,85,208.6,0.0,0.033552,,,
01:44:51.334,34.6,85,207.8,0.0,0.033686,,,
01:44:51.368,34.6,85,203.1,0.0,0.034469,,,
01:44:51.402,35.1,85,207.6,0.0,0.033725,,,
01:44:51.436,35.1,85,206.2,0.0,0.033942,,,
01:44:51.471,35.1,85,203.3,0.0,0.034436,,,
01:44:51.508,35.3,85,183.3,0.0,0.038197,,,
01:44:51.543,35.3,85,204.2,0.0,0.034288,,,
01:44:51.577,30.0,85,207.3,0.0,0.033763,,,
01:44:51.611,30.0,85,175.7,0.0,0.034153,,,
01:44:51.644,30.0,85,177.7,0.0,0.033773,,,
01:44:51.678,30.1,85,181.8,0.0,0.032997,,,
01:44:51.711,30.1,85,178.2,0.0,0.033669,,,
01:44:51.744,30.1,85,180.7,0.0,0.033209,,,
01:44:51.778,30.1,85,181.5,0.0,0.033059,,,
01:44:51.811,30.1,85,179.2,0.0,0.033491,,,
01:44:51.845,30.3,85,177.8,0.0,0.033747,,,
01:44:51.878,25.0,86,181.6,0.0,0.033043,,,
01:44:51.911,25.0,86,149.2,0.0,0.033503,,,
01:44:51.944,25.5,86,152.4,0.0,0.032818,,,
01:44:51.977,25.5,86,153.4,0.0,0.032599,,,
01:44:52.010,25.5,86,148.5,0.0,0.03366,,,
01:44:52.043,20.2,86,150.7,0.0,0.03318,,,
01:44:52.077,20.2,85,121.7,0.0,0.032856,,,
01:44:52.109,20.2,85,121.0,0.0,0.03306,,,
01:44:52.141,20.2,85,124.7,0.0,0.032068,,,
01:44:52.174,20.2,85,124.0,0.0,0.032251,,,
01:44:52.206,20.2,85,122.4,0.0,0.032683,,,
01:44:52.238,20.2,85,125.4,0.0,0.031898,,,
01:44:52.271,20.2,85,123.8,0.0,0.032321,,,
01:44:52.303,14.9,84,124.1,0.0,0.032243,,,
01:44:52.335,14.9,84,94.5,0.0,0.031752,,,
01:44:52.366,15.1,84,94.6,0.0,0.031698,,,
01:44:52.398,15.1,84,96.5,0.0,0.031084,,,
01:44:52.429,15.1,84,95.4,0.0,0.031462,,,
01:44:52.460,15.4,84,96.7,0.0,0.031017,,,
01:44:52.491,15.4,88,96.2,0.0,0.031175,,,
01:44:52.522,15.4,88,95.9,0.0,0.031294,,,
01:44:52.553,15.4,88,96.8,0.0,0.030978,,,
01:44:52.585,15.4,88,94.7,0.0,0.031663,,,
01:44:52.616,15.4,88,96.8,0.0,0.031007,,,
01:44:52.648,15.4,88,94.3,0.0,0.031822,,,
01:44:52.679,15.4,88,96.8,0.0,0.031007,,,
01:44:52.711,15.4,88,95.1,0.0,0.031554,,,
01:44:52.742,15.4,88,94.2,0.0,0.03186,,,
01:44:52.773,15.4,88,96.6,0.0,0.031046,,,
01:44:52.805,15.4,88,95.3,0.0,0.031487,,,
01:44:52.836,15.4,88,96.8,0.0,0.031,,,
01:44:52.867,15.6,88,94.3,0.0,0.031828,,,
01:44:52.899,15.6,86,96.8,0.0,0.030981,,,
01:44:52.930,15.6,86,95.6,0.0,0.03139,,,
01:44:52.961,15.9,86,96.5,0.0,0.031098,,,
01:44:52.993,15.9,86,95.9,0.0,0.031293,,,
01:44:53.024,15.9,86,94.2,0.0,0.031845,,,
01:44:53.055,15.9,86,96.3,0.0,0.031162,,,
01:44:53.087,15.9,88,94.4,0.0,0.031791,,,
01:44:53.118,15.9,88,96.4,0.0,0.031115,,,
01:44:53.150,15.9,88,95.5,0.0,0.03141,,,
01:44:53.181,15.9,88,96.6,0.0,0.031071,,,
01:44:53.212,10.6,88,96.0,0.0,0.031259,,,
01:44:53.244,10.6,88,62.6,0.0,0.031946,,,
01:44:53.276,10.6,88,65.6,0.0,0.03048,,,
01:44:53.307,0.0,88,60.5,0.0,0.033045,,,
01:44:53.315,0.0,88,0.0,0.0,0.0,,,
